0 9

NORMAL 5 9280 128 1 0 
NORMAL 5 9344 128 1 0 
NORMAL 5 9408 128 1 0 
NORMAL 5 9472 128 1 0 
NORMAL 5 9536 128 1 0 
NORMAL 5 9600 128 1 0 
NORMAL 5 9216 128 0 0 
NORMAL 5 9664 128 1 0 
NORMAL 5 9728 128 1 0 
NORMAL 5 9792 128 1 0 
NORMAL 5 9856 192 0 0 
NORMAL 5 9920 192 1 0 
NORMAL 5 9984 192 1 0 
NORMAL 5 10048 192 1 0 
NORMAL 5 10112 192 1 0 
NORMAL 5 10176 192 3 0 
NORMAL 5 10176 256 3 0 
NORMAL 5 10176 320 3 0 
NORMAL 5 10176 384 3 0 
NORMAL 5 10176 448 3 0 
NORMAL 5 10176 512 3 0 
NORMAL 5 10176 576 3 0 
NORMAL 5 10176 640 3 0 
NORMAL 5 10176 704 3 0 
NORMAL 5 10176 768 3 0 
NORMAL 5 10176 832 3 0 
NORMAL 5 10176 896 3 0 
NORMAL 5 10176 960 3 0 
NORMAL 5 9984 896 6 0 
NORMAL 5 10048 896 7 0 
NORMAL 5 10112 896 7 0 
NORMAL 5 9984 960 3 0 
RED 14 9472 192 
RED 14 9408 192 
RED 14 9792 192 
RED 14 9792 256 
RED 14 9792 320 
RED 14 9728 320 
RED 14 9664 320 
RED 14 9792 384 
RED 14 9792 512 
RED 14 9792 448 
RED 14 9792 576 
RED 14 9728 576 
RED 14 9792 640 
RED 14 9792 704 
RED 14 10048 832 
RED 14 10048 768 
BLUE 15 9856 704 
BLUE 15 9920 704 
BLUE 15 9984 704 
BLUE 15 10048 704 
BLUE 15 10112 704 
CLOUDY 19 10112 448 9856 448 
BUTTON 13 9984 320 
BLUE 15 9664 576 
BLUE 15 9472 320 
BLUE 15 9664 192 
BLUE 15 9728 192 
BLUE 15 9280 448 
BLUE 15 9344 448 
BLUE 15 9536 320 
BLUE 15 9408 448 
RED 14 9536 448 
RED 14 9472 448 
