2 7

NORMAL 5 7296 3008 5 0 
NORMAL 5 7232 3008 3 0 
NORMAL 5 7232 2944 3 0 
NORMAL 5 7232 2752 3 0 
NORMAL 5 7232 2624 3 0 
NORMAL 5 7232 2688 3 0 
NORMAL 5 7232 2816 3 0 
NORMAL 5 7232 2880 3 0 
NORMAL 5 7232 2560 3 0 
NORMAL 5 7232 2496 3 0 
NORMAL 5 7232 2432 3 0 
NORMAL 5 7232 2368 3 0 
NORMAL 5 7232 2240 3 0 
NORMAL 5 7232 2304 3 0 
NORMAL 5 7232 2176 3 0 
NORMAL 5 7296 2176 5 0 
NORMAL 5 7296 2240 5 0 
NORMAL 5 7296 2112 5 0 
NORMAL 5 7296 2368 5 0 
NORMAL 5 7296 2496 5 0 
NORMAL 5 7296 2304 5 0 
NORMAL 5 7296 2432 5 0 
NORMAL 5 7296 2944 5 0 
NORMAL 5 7296 2880 5 0 
NORMAL 5 7296 2688 5 0 
NORMAL 5 7296 2816 5 0 
NORMAL 5 7296 2752 5 0 
NORMAL 5 7296 2560 5 0 
NORMAL 5 7296 2624 5 0 
NORMAL 5 7296 2048 5 0 
NORMAL 5 8128 2944 7 0 
NORMAL 5 8064 2944 7 0 
NORMAL 5 8000 2944 7 0 
NORMAL 5 7936 2944 7 0 
NORMAL 5 7872 2944 7 0 
NORMAL 5 7808 2944 7 0 
NORMAL 5 7808 3008 1 0 
NORMAL 5 7872 3008 1 0 
NORMAL 5 7936 3008 1 0 
NORMAL 5 8000 3008 1 0 
NORMAL 5 8064 3008 1 0 
NORMAL 5 8128 3008 1 0 
NORMAL 5 7744 3008 1 0 
NORMAL 5 7680 3008 1 0 
NORMAL 5 7616 3008 1 0 
NORMAL 5 7552 3008 1 0 
NORMAL 5 7488 3008 0 0 
NORMAL 5 7488 2944 6 0 
NORMAL 5 7616 2944 7 0 
NORMAL 5 7552 2944 7 0 
NORMAL 5 7680 2944 7 0 
NORMAL 5 7744 2944 7 0 
NORMAL 5 8000 2048 1 0 
NORMAL 5 7936 2048 1 0 
NORMAL 5 8064 2048 1 0 
RED 14 8128 2048 
NORMAL 5 7872 2048 1 0 
NORMAL 5 7808 2048 1 0 
NORMAL 5 7744 2048 1 0 
NORMAL 5 7936 2560 2 0 
NORMAL 5 7872 2560 1 0 
NORMAL 5 7872 2496 7 0 
NORMAL 5 7936 2496 8 0 
NORMAL 5 7744 2560 3 0 
NORMAL 5 7744 2624 3 0 
NORMAL 5 7744 2688 3 0 
NORMAL 5 7744 2752 3 0 
NORMAL 5 7744 2816 3 0 
NORMAL 5 7744 2880 3 0 
NORMAL 5 7808 2560 5 0 
NORMAL 5 7808 2624 5 0 
NORMAL 5 7808 2688 5 0 
NORMAL 5 7808 2752 5 0 
NORMAL 5 7808 2880 5 0 
NORMAL 5 7808 2816 5 0 
NORMAL 5 7744 2496 6 0 
NORMAL 5 7808 2496 7 0 
NORMAL 5 7232 2112 3 0 
NORMAL 5 7232 2048 3 0 
RED 14 7360 2112 
RED 14 7424 2112 
RED 14 7616 2240 
RED 14 7680 2240 
RED 14 7360 2368 
RED 14 7424 2368 
RED 14 7616 2496 
RED 14 7680 2496 
NORMAL 5 7424 2624 2 0 
NORMAL 5 7360 2624 1 0 
RED 14 7744 2432 
RED 14 7744 2368 
RED 14 7744 2176 
RED 14 7744 2112 
RED 14 7808 2112 
RED 14 7808 2240 
RED 14 7808 2176 
RED 14 7744 2240 
RED 14 7744 2304 
RED 14 7808 2304 
RED 14 7808 2368 
RED 14 7808 2432 
