4 3

NORMAL 5 3136 4096 5 0 
NORMAL 5 3136 4160 5 0 
NORMAL 5 3072 4096 3 0 
NORMAL 5 3072 4160 3 0 
NORMAL 5 3072 4288 3 0 
NORMAL 5 3072 4224 3 0 
NORMAL 5 3072 4416 3 0 
NORMAL 5 3072 4352 3 0 
NORMAL 5 3072 4480 3 0 
NORMAL 5 3072 4608 3 0 
NORMAL 5 3072 4672 3 0 
NORMAL 5 3072 4544 3 0 
NORMAL 5 3072 4736 3 0 
NORMAL 5 3072 4864 3 0 
NORMAL 5 3072 4992 3 0 
NORMAL 5 3072 5056 3 0 
NORMAL 5 3072 4928 3 0 
NORMAL 5 3072 4800 3 0 
NORMAL 5 3136 4224 5 0 
NORMAL 5 3136 4352 5 0 
NORMAL 5 3136 4288 5 0 
NORMAL 5 3136 4416 5 0 
NORMAL 5 3136 4544 5 0 
NORMAL 5 3136 4480 5 0 
NORMAL 5 3136 4800 5 0 
NORMAL 5 3136 4672 5 0 
NORMAL 5 3136 4608 5 0 
NORMAL 5 3136 4736 5 0 
NORMAL 5 3136 4928 5 0 
NORMAL 5 3136 4992 5 0 
NORMAL 5 3136 5056 5 0 
NORMAL 5 3136 4864 5 0 
