5 7

NORMAL 5 7296 5120 5 0 
NORMAL 5 7296 5248 5 0 
NORMAL 5 7296 5312 5 0 
NORMAL 5 7296 5184 5 0 
NORMAL 5 7296 5376 5 0 
NORMAL 5 7296 5440 5 0 
NORMAL 5 7296 5504 5 0 
NORMAL 5 7232 5504 3 0 
NORMAL 5 7232 5440 3 0 
NORMAL 5 7232 5376 3 0 
NORMAL 5 7232 5312 3 0 
NORMAL 5 7232 5248 3 0 
NORMAL 5 7232 5184 3 0 
NORMAL 5 7232 5120 3 0 
NORMAL 5 8128 5888 1 0 
NORMAL 5 8064 5888 1 0 
NORMAL 5 8000 5888 1 0 
NORMAL 5 7936 5888 1 0 
NORMAL 5 7872 5888 1 0 
NORMAL 5 7808 5888 1 0 
NORMAL 5 7744 5888 1 0 
NORMAL 5 7680 5888 1 0 
NORMAL 5 7616 5888 1 0 
NORMAL 5 7552 5888 1 0 
NORMAL 5 7488 5888 1 0 
NORMAL 5 7360 5888 1 0 
NORMAL 5 7424 5888 1 0 
NORMAL 5 7296 5888 1 0 
NORMAL 5 7232 5888 0 0 
NORMAL 5 7232 5824 3 0 
NORMAL 5 7232 5760 3 0 
NORMAL 5 7232 5696 3 0 
NORMAL 5 7232 5632 3 0 
NORMAL 5 7232 5568 3 0 
NORMAL 5 7296 5568 5 0 
NORMAL 5 7296 5696 5 0 
NORMAL 5 7296 5632 5 0 
NORMAL 5 7296 5760 5 0 
NORMAL 5 7296 5824 5 0 
NORMAL 5 7744 5120 3 0 
NORMAL 5 7744 5184 3 0 
NORMAL 5 7744 5248 3 0 
NORMAL 5 7744 5312 3 0 
NORMAL 5 7744 5376 3 0 
NORMAL 5 8128 5440 1 0 
NORMAL 5 8064 5440 1 0 
NORMAL 5 8000 5440 1 0 
NORMAL 5 7936 5440 1 0 
NORMAL 5 7872 5440 1 0 
NORMAL 5 7808 5440 1 0 
NORMAL 5 7680 5440 0 0 
NORMAL 5 7744 5440 1 0 
NORMAL 5 7808 5376 5 0 
NORMAL 5 7808 5312 5 0 
NORMAL 5 7808 5184 5 0 
NORMAL 5 7808 5248 5 0 
NORMAL 5 7808 5120 5 0 
BUTTON 13 8000 5120 
BUTTON 13 8000 5312 
SPIKE 12 8064 5248 
SPIKE 12 8128 5248 
SPIKE 12 8128 5184 
SPIKE 12 8064 5184 
SPIKE 12 7872 5376 
SPIKE 12 7680 5120 
SPIKE 12 7680 5184 
SPIKE 12 7680 5248 
SPIKE 12 7680 5312 
SPIKE 12 7680 5376 
SPIKE 12 7808 5504 
SPIKE 12 7808 5568 
SPIKE 12 7808 5632 
SPIKE 12 8128 5824 
SPIKE 12 8128 5760 
SPIKE 12 8128 5696 
CLOUDY 19 8512 5632 7680 5632 
CLOUDY 19 7360 5248 7616 5248 
