5 8

NORMAL 5 9152 5888 1 0 
NORMAL 5 9088 5888 1 0 
NORMAL 5 9024 5888 1 0 
NORMAL 5 8960 5888 1 0 
NORMAL 5 8896 5888 1 0 
NORMAL 5 8832 5888 1 0 
NORMAL 5 8768 5888 1 0 
NORMAL 5 8704 5888 1 0 
NORMAL 5 8640 5888 1 0 
NORMAL 5 8512 5888 1 0 
NORMAL 5 8576 5888 1 0 
NORMAL 5 8448 5888 1 0 
NORMAL 5 8320 5888 1 0 
NORMAL 5 8384 5888 1 0 
NORMAL 5 8256 5888 1 0 
NORMAL 5 8192 5888 1 0 
CLOUDY 19 9472 5568 9024 5120 
SPIKE 12 9152 5824 
SPIKE 12 9024 5824 
SPIKE 12 9088 5824 
NORMAL 5 8960 5824 5 0 
NORMAL 5 8960 5760 5 0 
NORMAL 5 8960 5696 5 0 
NORMAL 5 8960 5632 5 0 
NORMAL 5 8960 5568 5 0 
NORMAL 5 8960 5440 5 0 
NORMAL 5 8960 5504 5 0 
NORMAL 5 8960 5376 5 0 
NORMAL 5 8960 5312 5 0 
NORMAL 5 8960 5248 5 0 
NORMAL 5 8960 5184 5 0 
NORMAL 5 8960 5120 5 0 
NORMAL 5 8896 5120 3 0 
NORMAL 5 8896 5184 3 0 
NORMAL 5 8896 5248 3 0 
NORMAL 5 8896 5312 3 0 
NORMAL 5 8896 5376 3 0 
NORMAL 5 8896 5440 3 0 
NORMAL 5 8896 5504 3 0 
NORMAL 5 8896 5568 3 0 
NORMAL 5 8896 5632 3 0 
NORMAL 5 8896 5696 3 0 
NORMAL 5 8896 5760 3 0 
NORMAL 5 8896 5824 3 0 
NORMAL 5 8448 5120 5 0 
NORMAL 5 8448 5184 5 0 
NORMAL 5 8448 5248 5 0 
NORMAL 5 8448 5312 5 0 
NORMAL 5 8448 5376 5 0 
NORMAL 5 8512 5440 2 0 
NORMAL 5 8448 5440 1 0 
NORMAL 5 8384 5440 1 0 
NORMAL 5 8320 5440 1 0 
NORMAL 5 8256 5440 1 0 
NORMAL 5 8192 5440 1 0 
NORMAL 5 8384 5120 3 0 
NORMAL 5 8384 5184 3 0 
NORMAL 5 8384 5248 3 0 
NORMAL 5 8384 5312 3 0 
NORMAL 5 8384 5376 3 0 
BUTTON 13 8192 5312 
BUTTON 13 8192 5120 
SPIKE 12 8320 5376 
SPIKE 12 8512 5120 
SPIKE 12 8512 5184 
SPIKE 12 8512 5248 
SPIKE 12 8512 5312 
SPIKE 12 8512 5376 
CLOUDY 19 8576 5376 8832 5376 
SPIKE 12 8384 5504 
SPIKE 12 8384 5568 
SPIKE 12 8384 5632 
CLOUDY 19 7680 5632 8512 5632 
