2 3

NORMAL 5 4032 2048 1 0 
NORMAL 5 3968 2048 1 0 
NORMAL 5 3904 2048 1 0 
NORMAL 5 3840 2048 1 0 
NORMAL 5 3712 2048 1 0 
NORMAL 5 3776 2048 1 0 
NORMAL 5 4032 2496 1 0 
NORMAL 5 3968 2496 1 0 
NORMAL 5 3904 2496 1 0 
NORMAL 5 3776 2496 1 0 
NORMAL 5 3840 2496 1 0 
NORMAL 5 3712 2496 1 0 
NORMAL 5 3712 2432 7 0 
NORMAL 5 3776 2432 7 0 
NORMAL 5 3840 2432 7 0 
NORMAL 5 3904 2432 7 0 
NORMAL 5 4032 2432 7 0 
NORMAL 5 3968 2432 7 0 
NORMAL 5 3584 2432 7 0 
NORMAL 5 3520 2432 7 0 
NORMAL 5 3456 2432 7 0 
NORMAL 5 3648 2432 7 0 
NORMAL 5 3392 2432 7 0 
NORMAL 5 3328 2432 7 0 
NORMAL 5 3264 2432 7 0 
NORMAL 5 3200 2432 7 0 
NORMAL 5 3136 2432 7 0 
NORMAL 5 3072 2432 7 0 
NORMAL 5 3648 2496 1 0 
NORMAL 5 3584 2496 1 0 
NORMAL 5 3520 2496 1 0 
NORMAL 5 3392 2496 1 0 
NORMAL 5 3328 2496 1 0 
NORMAL 5 3264 2496 1 0 
NORMAL 5 3200 2496 1 0 
NORMAL 5 3456 2496 1 0 
NORMAL 5 3136 2496 5 0 
NORMAL 5 3136 2560 5 0 
NORMAL 5 3136 2752 5 0 
NORMAL 5 3136 2816 5 0 
NORMAL 5 3136 2624 5 0 
NORMAL 5 3136 2688 5 0 
NORMAL 5 3072 2560 3 0 
NORMAL 5 3072 2496 3 0 
NORMAL 5 3072 2624 3 0 
NORMAL 5 3072 2688 3 0 
NORMAL 5 3072 2752 3 0 
NORMAL 5 3072 2816 3 0 
NORMAL 5 3072 2880 3 0 
NORMAL 5 3072 3008 3 0 
NORMAL 5 3072 2944 3 0 
NORMAL 5 3136 2880 5 0 
NORMAL 5 3136 2944 5 0 
NORMAL 5 3136 3008 5 0 
NORMAL 5 3648 2048 1 0 
NORMAL 5 3584 2048 1 0 
NORMAL 5 3520 2048 1 0 
NORMAL 5 3392 2048 1 0 
NORMAL 5 3328 2048 1 0 
NORMAL 5 3264 2048 1 0 
NORMAL 5 3200 2048 1 0 
NORMAL 5 3136 2048 1 0 
NORMAL 5 3072 2048 1 0 
NORMAL 5 3456 2048 1 0 
