3 7

NORMAL 5 7296 3840 1 0 
NORMAL 5 7360 3840 1 0 
NORMAL 5 7424 3840 1 0 
NORMAL 5 7616 3840 1 0 
NORMAL 5 7680 3840 1 0 
NORMAL 5 7488 3840 1 0 
NORMAL 5 7552 3840 1 0 
NORMAL 5 7744 3840 1 0 
NORMAL 5 7808 3840 1 0 
NORMAL 5 7872 3840 1 0 
NORMAL 5 7232 3840 0 0 
NORMAL 5 7232 3776 3 0 
NORMAL 5 7232 3712 3 0 
NORMAL 5 7232 3648 3 0 
NORMAL 5 7232 3520 3 0 
NORMAL 5 7232 3456 3 0 
NORMAL 5 7232 3392 3 0 
NORMAL 5 7232 3584 3 0 
NORMAL 5 7232 3328 3 0 
NORMAL 5 7232 3264 3 0 
NORMAL 5 7232 3200 3 0 
NORMAL 5 7232 3136 3 0 
NORMAL 5 7296 3072 5 0 
NORMAL 5 7296 3200 5 0 
NORMAL 5 7296 3328 5 0 
NORMAL 5 7296 3520 5 0 
NORMAL 5 7296 3712 5 0 
NORMAL 5 7296 3584 5 0 
NORMAL 5 7296 3648 5 0 
NORMAL 5 7296 3776 5 0 
NORMAL 5 7296 3392 5 0 
NORMAL 5 7296 3456 5 0 
NORMAL 5 7296 3136 5 0 
NORMAL 5 7296 3264 5 0 
NORMAL 5 7360 3776 7 0 
NORMAL 5 7424 3776 7 0 
NORMAL 5 7488 3776 7 0 
NORMAL 5 7552 3776 7 0 
NORMAL 5 7616 3776 7 0 
NORMAL 5 7680 3776 7 0 
NORMAL 5 7744 3776 7 0 
NORMAL 5 7808 3776 7 0 
NORMAL 5 7872 3776 7 0 
NORMAL 5 7936 3776 7 0 
NORMAL 5 8064 3776 7 0 
NORMAL 5 8000 3776 7 0 
NORMAL 5 8128 3776 7 0 
NORMAL 5 8128 3840 1 0 
NORMAL 5 8064 3840 1 0 
NORMAL 5 7936 3840 1 0 
NORMAL 5 8000 3840 1 0 
NORMAL 5 7232 3072 3 0 
NORMAL 5 7616 3200 7 0 
NORMAL 5 7616 3264 3 0 
NORMAL 5 7616 3328 3 0 
NORMAL 5 7616 3456 3 0 
NORMAL 5 7616 3392 3 0 
NORMAL 5 7616 3520 3 0 
NORMAL 5 7616 3584 3 0 
NORMAL 5 7616 3648 3 0 
SPIKE 12 8128 3072 
MOVING 6 8064 3072 8064 3520 
CLOUDY 19 8128 3136 8128 3456 
NORMAL 5 7552 3200 1 0 
NORMAL 5 7488 3200 0 0 
