3 8

NORMAL 5 8256 3776 7 0 
NORMAL 5 8192 3776 7 0 
NORMAL 5 8320 3776 7 0 
NORMAL 5 8448 3776 7 0 
NORMAL 5 8384 3776 7 0 
NORMAL 5 8576 3776 7 0 
NORMAL 5 8512 3776 7 0 
NORMAL 5 8640 3776 7 0 
NORMAL 5 8704 3776 7 0 
NORMAL 5 8832 3776 7 0 
NORMAL 5 8768 3776 7 0 
NORMAL 5 9024 3776 7 0 
NORMAL 5 8960 3776 7 0 
NORMAL 5 9152 3776 7 0 
NORMAL 5 9088 3776 7 0 
NORMAL 5 9152 3840 1 0 
NORMAL 5 9088 3840 1 0 
NORMAL 5 8896 3840 1 0 
NORMAL 5 8832 3840 1 0 
NORMAL 5 8768 3840 1 0 
NORMAL 5 8704 3840 1 0 
NORMAL 5 8640 3840 1 0 
NORMAL 5 9024 3840 1 0 
NORMAL 5 8576 3840 1 0 
NORMAL 5 8448 3840 1 0 
NORMAL 5 8512 3840 1 0 
NORMAL 5 8384 3840 1 0 
NORMAL 5 8320 3840 1 0 
NORMAL 5 8256 3840 1 0 
NORMAL 5 8192 3840 1 0 
NORMAL 5 8960 3840 1 0 
NORMAL 5 8896 3776 7 0 
SPIKE 12 9152 3072 
SPIKE 12 9088 3072 
SPIKE 12 9024 3072 
SPIKE 12 8896 3072 
SPIKE 12 8960 3072 
SPIKE 12 8832 3072 
SPIKE 12 8768 3072 
SPIKE 12 8704 3072 
SPIKE 12 8640 3072 
SPIKE 12 8576 3072 
SPIKE 12 8512 3072 
SPIKE 12 8448 3072 
SPIKE 12 8320 3072 
SPIKE 12 8384 3072 
SPIKE 12 8256 3072 
SPIKE 12 8192 3072 
MOVING 6 8256 3584 8256 3200 
MOVING 6 8320 3584 8320 3200 
MOVING 6 8512 3200 8512 3584 
MOVING 6 8576 3200 8576 3584 
MOVING 6 8768 3584 8768 3200 
MOVING 6 8832 3584 8832 3200 
MOVING 6 9088 3200 9088 3584 
MOVING 6 9152 3200 9152 3584 
CLOUDY 19 8960 3584 8960 3264 
