3 9

NORMAL 5 10176 3072 3 0 
NORMAL 5 10176 3136 3 0 
NORMAL 5 10176 3200 3 0 
NORMAL 5 10176 3264 3 0 
NORMAL 5 10176 3328 3 0 
NORMAL 5 10176 3392 3 0 
NORMAL 5 10176 3456 3 0 
NORMAL 5 10176 3520 3 0 
NORMAL 5 10176 3648 3 0 
NORMAL 5 10176 3712 3 0 
NORMAL 5 10176 3584 3 0 
NORMAL 5 10176 3776 3 0 
NORMAL 5 10176 3840 3 0 
NORMAL 5 10176 3968 3 0 
NORMAL 5 10176 4032 3 0 
NORMAL 5 10176 3904 3 0 
NORMAL 5 9216 3776 7 0 
NORMAL 5 9280 3776 7 0 
NORMAL 5 9344 3776 7 0 
NORMAL 5 9408 3776 7 0 
NORMAL 5 10112 3776 7 0 
NORMAL 5 10048 3776 7 0 
NORMAL 5 9984 3776 6 0 
NORMAL 5 9984 3840 0 0 
NORMAL 5 10048 3840 1 0 
NORMAL 5 10112 3840 1 0 
NORMAL 5 9472 3776 7 0 
NORMAL 5 9728 3776 8 0 
NORMAL 5 9664 3776 7 0 
NORMAL 5 9728 3840 2 0 
NORMAL 5 9664 3840 1 0 
NORMAL 5 9600 3840 1 0 
NORMAL 5 9536 3840 1 0 
NORMAL 5 9472 3840 1 0 
NORMAL 5 9408 3840 1 0 
NORMAL 5 9344 3840 1 0 
NORMAL 5 9280 3840 1 0 
NORMAL 5 9216 3840 1 0 
NORMAL 5 9600 3776 7 0 
NORMAL 5 9536 3776 5 0 
NORMAL 5 9536 3712 5 0 
NORMAL 5 9536 3648 5 0 
NORMAL 5 9536 3584 5 0 
NORMAL 5 9536 3520 5 0 
NORMAL 5 9536 3456 5 0 
NORMAL 5 9536 3392 5 0 
NORMAL 5 9536 3328 5 0 
NORMAL 5 9536 3264 5 0 
NORMAL 5 9536 3200 5 0 
SPIKE 12 9472 3520 
SPIKE 12 9472 3456 
SPIKE 12 9472 3392 
SPIKE 12 9472 3328 
SPIKE 12 9472 3200 
SPIKE 12 9472 3264 
SPIKE 12 9280 3072 
SPIKE 12 9280 3200 
SPIKE 12 9280 3136 
SPIKE 12 9280 3264 
SPIKE 12 9280 3328 
SPIKE 12 9280 3392 
SPIKE 12 9280 3456 
SPIKE 12 9280 3520 
SPIKE 12 9216 3072 
MOVING 6 9216 3200 9216 3584 
RED 14 9792 3712 
RED 14 9792 3648 
RED 14 9792 3584 
RED 14 9920 3584 
RED 14 9920 3648 
RED 14 9920 3712 
FURRY 9 9856 3072 
FURRY 9 9792 3072 
FURRY 9 9920 3072 
ONOFF 7 9728 3072 9728 3520 
ONOFF 7 9664 3072 9664 3520 
ONOFF 7 9984 3072 9984 3520 
ONOFF 7 10048 3072 10048 3520 
BUTTON 13 9856 3328 
NORMAL 5 9792 3520 0 0 
NORMAL 5 9920 3520 2 0 
NORMAL 5 9856 3520 1 0 
HELIUM 21 9856 3648 
