4 2

NORMAL 5 3008 4160 0 0 
NORMAL 5 3008 4096 3 0 
BUTTON 13 2560 4096 
BLUE 15 2688 4096 
BLUE 15 2688 4160 
BLUE 15 2688 4224 
NORMAL 5 2816 4288 2 0 
NORMAL 5 2752 4288 1 0 
NORMAL 5 2688 4288 1 0 
NORMAL 5 2624 4288 1 0 
NORMAL 5 2560 4288 1 0 
NORMAL 5 2496 4288 1 0 
NORMAL 5 2432 4288 1 0 
NORMAL 5 2368 4288 1 0 
NORMAL 5 2240 4288 1 0 
NORMAL 5 2304 4288 1 0 
NORMAL 5 2112 4288 1 0 
NORMAL 5 2176 4288 1 0 
NORMAL 5 2048 4288 1 0 
NORMAL 5 2176 4352 2 0 
NORMAL 5 2048 4352 3 0 
NORMAL 5 2048 4416 3 0 
NORMAL 5 2048 4480 3 0 
NORMAL 5 2048 4544 3 0 
NORMAL 5 2048 4608 3 0 
NORMAL 5 2048 4736 3 0 
NORMAL 5 2048 4864 3 0 
NORMAL 5 2048 4672 3 0 
NORMAL 5 2048 4800 3 0 
NORMAL 5 2048 4928 3 0 
NORMAL 5 2112 4928 5 0 
NORMAL 5 2112 4864 5 0 
NORMAL 5 2112 4800 5 0 
NORMAL 5 2112 4736 5 0 
NORMAL 5 2112 4672 5 0 
NORMAL 5 2112 4608 5 0 
NORMAL 5 2112 4544 5 0 
NORMAL 5 2112 4480 5 0 
NORMAL 5 2112 4416 5 0 
NORMAL 5 2112 4352 5 0 
NORMAL 5 2304 4480 0 0 
NORMAL 5 2368 4480 1 0 
NORMAL 5 2432 4480 1 0 
NORMAL 5 2496 4480 1 0 
NORMAL 5 2560 4480 1 0 
NORMAL 5 2624 4480 1 0 
NORMAL 5 2752 4480 1 0 
NORMAL 5 2688 4480 1 0 
NORMAL 5 2880 4480 1 0 
NORMAL 5 2816 4480 1 0 
NORMAL 5 2944 4480 1 0 
NORMAL 5 3008 4480 1 0 
NORMAL 5 2176 4608 1 0 
NORMAL 5 2240 4608 1 0 
NORMAL 5 2304 4608 1 0 
NORMAL 5 2432 4608 1 0 
NORMAL 5 2368 4608 1 0 
NORMAL 5 2496 4608 1 0 
NORMAL 5 2560 4608 1 0 
NORMAL 5 2624 4608 1 0 
NORMAL 5 2688 4608 1 0 
NORMAL 5 2752 4608 1 0 
NORMAL 5 2816 4608 1 0 
NORMAL 5 3008 4864 1 0 
NORMAL 5 2944 4864 1 0 
NORMAL 5 2880 4864 1 0 
NORMAL 5 2688 4864 1 0 
NORMAL 5 2624 4864 1 0 
NORMAL 5 2560 4864 1 0 
NORMAL 5 2496 4864 1 0 
NORMAL 5 2432 4864 1 0 
NORMAL 5 2368 4864 1 0 
NORMAL 5 2368 4928 3 0 
NORMAL 5 2368 4992 3 0 
NORMAL 5 2368 5056 3 0 
NORMAL 5 2432 4928 5 0 
NORMAL 5 2432 4992 5 0 
NORMAL 5 2496 5056 7 0 
NORMAL 5 2560 5056 7 0 
NORMAL 5 2624 5056 7 0 
NORMAL 5 2688 5056 7 0 
NORMAL 5 2752 5056 7 0 
NORMAL 5 2816 5056 7 0 
NORMAL 5 2880 5056 7 0 
NORMAL 5 2432 5056 5 0 
ROBOT 20 2944 4544 2496 4544 
ROBOT 20 2368 4352 2688 4352 
ROBOT 20 2944 4096 2752 4096 
RED 14 2752 4864 
RED 14 2816 4864 
RED 14 2944 5056 
RED 14 3008 5056 
NORMAL 5 2112 4992 2 0 
NORMAL 5 2048 4992 1 0 
