4 5

NORMAL 5 5120 4224 7 0 
NORMAL 5 5184 4224 8 0 
NORMAL 5 5184 4288 2 0 
NORMAL 5 5120 4288 1 0 
NORMAL 5 5120 4544 1 0 
NORMAL 5 5184 4544 1 0 
NORMAL 5 5248 4544 1 0 
NORMAL 5 5312 4544 1 0 
NORMAL 5 5376 4544 1 0 
NORMAL 5 5440 4544 1 0 
NORMAL 5 5504 4544 1 0 
NORMAL 5 5568 4544 1 0 
NORMAL 5 5632 4544 1 0 
NORMAL 5 5696 4544 1 0 
NORMAL 5 5760 4544 1 0 
NORMAL 5 5824 4544 2 0 
NORMAL 5 5760 4480 3 0 
NORMAL 5 5760 4416 3 0 
NORMAL 5 5760 4352 3 0 
NORMAL 5 5760 4288 3 0 
NORMAL 5 5824 4288 5 0 
NORMAL 5 5824 4352 5 0 
NORMAL 5 5824 4416 5 0 
NORMAL 5 5824 4480 5 0 
NORMAL 5 5760 4224 6 0 
NORMAL 5 5824 4224 8 0 
NORMAL 5 5568 4096 8 0 
NORMAL 5 5504 4096 7 0 
NORMAL 5 5440 4096 7 0 
NORMAL 5 5376 4096 7 0 
NORMAL 5 5568 4160 2 0 
NORMAL 5 5504 4160 1 0 
NORMAL 5 5440 4160 1 0 
NORMAL 5 5376 4160 0 0 
NORMAL 5 5120 4480 7 0 
NORMAL 5 5184 4480 7 0 
NORMAL 5 5248 4480 7 0 
NORMAL 5 5312 4480 7 0 
NORMAL 5 5376 4480 7 0 
NORMAL 5 5440 4480 7 0 
NORMAL 5 5504 4480 7 0 
NORMAL 5 5568 4480 7 0 
NORMAL 5 5632 4480 7 0 
NORMAL 5 5696 4480 7 0 
NORMAL 5 5632 5056 1 0 
NORMAL 5 5696 5056 1 0 
NORMAL 5 5760 5056 1 0 
NORMAL 5 5824 5056 1 0 
NORMAL 5 5888 5056 1 0 
NORMAL 5 5952 5056 1 0 
NORMAL 5 6016 5056 1 0 
NORMAL 5 6080 5056 1 0 
