4 7

NORMAL 5 7168 4544 7 0 
NORMAL 5 7168 4160 1 0 
NORMAL 5 7232 4160 1 0 
NORMAL 5 7296 4160 1 0 
NORMAL 5 7360 4160 1 0 
NORMAL 5 7424 4160 1 0 
NORMAL 5 7488 4160 1 0 
NORMAL 5 7552 4160 1 0 
NORMAL 5 7680 4160 1 0 
NORMAL 5 7808 4160 1 0 
NORMAL 5 7744 4160 1 0 
NORMAL 5 7872 4160 1 0 
NORMAL 5 7616 4160 1 0 
NORMAL 5 7168 4608 1 0 
NORMAL 5 7168 4096 7 0 
NORMAL 5 7296 4096 7 0 
NORMAL 5 7232 4096 7 0 
NORMAL 5 7360 4096 7 0 
NORMAL 5 7744 4096 7 0 
NORMAL 5 7872 4096 7 0 
NORMAL 5 7808 4096 7 0 
NORMAL 5 7680 4096 7 0 
NORMAL 5 7616 4096 7 0 
NORMAL 5 7552 4096 7 0 
NORMAL 5 7488 4096 7 0 
NORMAL 5 7424 4096 7 0 
NORMAL 5 7936 4160 1 0 
NORMAL 5 8000 4160 1 0 
NORMAL 5 8064 4160 1 0 
NORMAL 5 8128 4160 1 0 
NORMAL 5 7936 4096 7 0 
NORMAL 5 8000 4096 7 0 
NORMAL 5 8064 4096 7 0 
NORMAL 5 8128 4096 7 0 
NORMAL 5 7232 4544 7 0 
NORMAL 5 7296 4544 8 0 
NORMAL 5 7296 4608 5 0 
NORMAL 5 7296 4672 5 0 
NORMAL 5 7296 4736 5 0 
NORMAL 5 7296 4800 5 0 
NORMAL 5 7296 4864 5 0 
NORMAL 5 7296 4928 5 0 
NORMAL 5 7296 5056 5 0 
NORMAL 5 7296 4992 5 0 
NORMAL 5 7232 5056 3 0 
NORMAL 5 7232 4928 3 0 
NORMAL 5 7232 4864 3 0 
NORMAL 5 7232 4992 3 0 
NORMAL 5 7232 4800 3 0 
NORMAL 5 7232 4736 3 0 
NORMAL 5 7232 4672 3 0 
NORMAL 5 7232 4608 3 0 
NORMAL 5 7680 4608 0 0 
NORMAL 5 7744 4608 1 0 
NORMAL 5 7808 4608 1 0 
NORMAL 5 7872 4608 1 0 
NORMAL 5 7936 4608 1 0 
NORMAL 5 8000 4608 1 0 
NORMAL 5 8064 4608 1 0 
NORMAL 5 8128 4608 1 0 
NORMAL 5 8128 4544 7 0 
NORMAL 5 8000 4544 7 0 
NORMAL 5 8064 4544 7 0 
NORMAL 5 7936 4544 7 0 
NORMAL 5 7872 4544 7 0 
NORMAL 5 7808 4544 7 0 
NORMAL 5 7744 4544 7 0 
NORMAL 5 7680 4544 6 0 
PINNY 18 8320 4224 7744 4224 
NORMAL 5 7872 4928 7 0 
NORMAL 5 7936 4928 8 0 
NORMAL 5 7744 4992 3 0 
NORMAL 5 7744 5056 3 0 
NORMAL 5 7680 4928 6 0 
NORMAL 5 7744 4928 7 0 
NORMAL 5 7808 4928 7 0 
NORMAL 5 7808 5056 5 0 
NORMAL 5 7808 4992 5 0 
NORMAL 5 7936 4992 2 0 
NORMAL 5 7872 4992 1 0 
SPIKE 12 7872 5056 
SPIKE 12 7680 4992 
SPIKE 12 7680 5056 
BLUE 15 7360 4608 
BLUE 15 7424 4608 
BLUE 15 7488 4608 
BLUE 15 7552 4608 
BLUE 15 7616 4608 
