6 2

RED 14 2048 6144 
NORMAL 5 2048 6208 6 0 
NORMAL 5 2112 6208 8 0 
NORMAL 5 2112 6272 5 0 
NORMAL 5 2112 6336 5 0 
NORMAL 5 2112 6400 5 0 
NORMAL 5 2112 6528 5 0 
NORMAL 5 2112 6464 5 0 
NORMAL 5 2048 6272 3 0 
NORMAL 5 2048 6336 3 0 
NORMAL 5 2048 6400 3 0 
NORMAL 5 2048 6464 3 0 
NORMAL 5 2048 6528 3 0 
NORMAL 5 2176 6528 7 0 
NORMAL 5 2240 6528 7 0 
NORMAL 5 2304 6528 7 0 
NORMAL 5 2368 6528 7 0 
NORMAL 5 2432 6528 7 0 
NORMAL 5 2496 6528 7 0 
NORMAL 5 2560 6528 7 0 
NORMAL 5 2624 6528 8 0 
NORMAL 5 2496 6592 1 0 
NORMAL 5 2432 6592 1 0 
NORMAL 5 2368 6592 1 0 
NORMAL 5 2304 6592 1 0 
NORMAL 5 2240 6592 1 0 
NORMAL 5 2176 6592 1 0 
NORMAL 5 2112 6592 1 0 
NORMAL 5 2048 6592 0 0 
NORMAL 5 2560 6592 3 0 
NORMAL 5 2560 6656 3 0 
NORMAL 5 2560 6720 3 0 
NORMAL 5 2560 6784 3 0 
NORMAL 5 2560 6848 3 0 
NORMAL 5 2560 6912 0 0 
NORMAL 5 2624 6912 1 0 
NORMAL 5 2688 6912 1 0 
NORMAL 5 2752 6912 1 0 
NORMAL 5 2816 6912 1 0 
NORMAL 5 2880 6912 1 0 
NORMAL 5 2944 6912 1 0 
NORMAL 5 3008 6912 1 0 
NORMAL 5 2624 6592 5 0 
NORMAL 5 2624 6656 5 0 
NORMAL 5 2624 6720 5 0 
NORMAL 5 2624 6784 5 0 
NORMAL 5 2624 6848 5 0 
NORMAL 5 2688 6848 7 0 
NORMAL 5 2752 6848 7 0 
NORMAL 5 2816 6848 7 0 
NORMAL 5 2880 6848 7 0 
NORMAL 5 2944 6848 7 0 
NORMAL 5 3008 6848 7 0 
NORMAL 5 2944 6528 0 0 
NORMAL 5 2816 6400 0 0 
NORMAL 5 2688 6272 0 0 
NORMAL 5 2880 6400 2 0 
NORMAL 5 3008 6528 2 0 
NORMAL 5 2752 6272 2 0 
NORMAL 5 2624 6144 2 0 
NORMAL 5 2560 6144 0 0 
NORMAL 5 2688 6208 6 0 
NORMAL 5 2816 6336 6 0 
NORMAL 5 2944 6208 6 0 
NORMAL 5 2944 6464 6 0 
NORMAL 5 3008 6464 8 0 
NORMAL 5 2880 6336 8 0 
NORMAL 5 3008 6208 8 0 
NORMAL 5 2752 6208 8 0 
NORMAL 5 3008 6272 2 0 
NORMAL 5 2880 6144 2 0 
NORMAL 5 2944 6272 0 0 
NORMAL 5 2816 6144 0 0 
