6 4

NORMAL 5 4096 6784 0 0 
NORMAL 5 4096 6720 3 0 
NORMAL 5 4096 6656 3 0 
NORMAL 5 4096 6592 3 0 
NORMAL 5 4096 6464 3 0 
NORMAL 5 4096 6400 3 0 
NORMAL 5 4096 6528 3 0 
NORMAL 5 4096 6336 3 0 
NORMAL 5 4096 6272 3 0 
NORMAL 5 4096 6208 3 0 
NORMAL 5 4096 6144 3 0 
NORMAL 5 4160 6656 5 0 
NORMAL 5 4160 6592 5 0 
NORMAL 5 4160 6464 5 0 
NORMAL 5 4160 6720 5 0 
NORMAL 5 4160 6528 5 0 
NORMAL 5 4160 6336 5 0 
NORMAL 5 4160 6272 5 0 
NORMAL 5 4160 6144 5 0 
NORMAL 5 4160 6400 5 0 
NORMAL 5 4160 6208 5 0 
NORMAL 5 4608 6784 2 0 
NORMAL 5 4544 6784 1 0 
NORMAL 5 4480 6784 1 0 
NORMAL 5 4416 6784 1 0 
NORMAL 5 4224 6784 1 0 
NORMAL 5 4160 6784 1 0 
NORMAL 5 4288 6784 1 0 
NORMAL 5 4352 6784 1 0 
NORMAL 5 4224 6720 7 0 
NORMAL 5 4288 6720 7 0 
NORMAL 5 4352 6720 7 0 
NORMAL 5 4416 6720 7 0 
NORMAL 5 4480 6720 7 0 
NORMAL 5 4544 6720 7 0 
NORMAL 5 4608 6720 8 0 
NORMAL 5 4736 6208 2 0 
NORMAL 5 4672 6208 1 0 
NORMAL 5 4608 6208 1 0 
NORMAL 5 4544 6208 1 0 
NORMAL 5 4480 6208 1 0 
NORMAL 5 4416 6208 1 0 
NORMAL 5 4352 6208 1 0 
NORMAL 5 4288 6208 1 0 
NORMAL 5 4224 6208 1 0 
