WATER 17 9534 1598 7804 1718 
WATER 17 10050 2688 10186 1077 
WATER 17 7355 2688 7485 3076 
WATER 17 7358 3205 7679 3073 
WATER 17 9565 3712 7680 3067 
WIND 16 9552 3802 7597 3700 
WIND 16 10192 4122 7165 3882 
WATER 17 4965 612 5420 122 
WATER 17 2152 3817 2534 3684 
WIND 16 2689 5351 2880 5247 
WIND 16 2621 5311 2369 5122 
WIND 16 2876 4865 2181 4675 
WIND 16 2368 4692 2177 5119 
WIND 16 2363 5248 1968 5056 
WIND 16 1025 5894 2050 6251 
WATER 17 5427 3577 5597 3511 
WIND 16 5747 2975 5377 2811 
WIND 16 5746 4481 5378 3790 
WIND 16 7362 4674 7689 4545 
WIND 16 9468 4217 9662 4558 
WIND 16 7689 4921 8589 4660 
WIND 16 5115 4739 5247 5578 
WIND 16 5123 5890 5245 6657 
