1 9

NORMAL 5 9344 1792 6 0 
NORMAL 5 9408 1792 7 0 
NORMAL 5 9472 1792 8 0 
NORMAL 5 9344 1856 0 0 
NORMAL 5 9408 1856 1 0 
NORMAL 5 9472 1856 2 0 
NORMAL 5 9472 1536 8 0 
NORMAL 5 9408 1536 7 0 
NORMAL 5 9344 1536 6 0 
NORMAL 5 9408 1600 1 0 
NORMAL 5 9472 1600 2 0 
NORMAL 5 9344 1600 0 0 
NORMAL 5 9472 1280 8 0 
NORMAL 5 9408 1280 7 0 
NORMAL 5 9344 1280 6 0 
NORMAL 5 9472 1344 2 0 
NORMAL 5 9408 1344 1 0 
NORMAL 5 9344 1344 0 0 
BLUE 15 9280 1344 
BLUE 15 9216 1344 
BLUE 15 9408 1408 
BLUE 15 9408 1472 
RED 14 9216 1856 
RED 14 9280 1856 
FURRY 9 9408 1728 
FURRY 9 9408 1664 
RED 14 9280 1600 
RED 14 9216 1600 
BUTTON 13 9344 1408 
ONOFF 7 9536 1344 9536 1856 
ONOFF 7 9600 1344 9600 1856 
