2 5

NORMAL 5 5248 2112 0 0 
NORMAL 5 5312 2112 1 0 
NORMAL 5 5376 2112 1 0 
NORMAL 5 5440 2112 1 0 
NORMAL 5 5504 2112 1 0 
NORMAL 5 5568 2176 0 0 
NORMAL 5 5632 2176 1 0 
NORMAL 5 5696 2176 2 0 
NORMAL 5 5568 2112 4 0 
NORMAL 5 5632 2112 4 0 
NORMAL 5 5696 2112 4 0 
NORMAL 5 5760 2112 1 0 
NORMAL 5 5824 2112 1 0 
NORMAL 5 5888 2112 1 0 
NORMAL 5 5952 2112 2 0 
NORMAL 5 5888 2048 8 0 
NORMAL 5 5824 2048 7 0 
NORMAL 5 5760 2048 7 0 
NORMAL 5 5696 2048 7 0 
NORMAL 5 5632 2048 7 0 
NORMAL 5 5568 2048 7 0 
NORMAL 5 5504 2048 7 0 
NORMAL 5 5440 2048 7 0 
NORMAL 5 5376 2048 4 0 
PLANT 10 5632 2240 5632 3008 
LEAF 27 5568 2240 
LEAF 27 5696 2368 
LEAF 27 5568 2496 
LEAF 27 5696 2624 
LEAF 27 5568 2752 
LEAF 27 5696 2880 
LEAF 27 5568 3008 
STEM 26 5632 2240 
STEM 26 5632 2304 
STEM 26 5632 2368 
STEM 26 5632 2432 
STEM 26 5632 2496 
STEM 26 5632 2560 
STEM 26 5632 2624 
STEM 26 5632 2688 
STEM 26 5632 2752 
STEM 26 5632 2816 
STEM 26 5632 2880 
STEM 26 5632 2944 
STEM 26 5632 3008 
NORMAL 5 5184 2048 0 0 
NORMAL 5 5248 2048 4 0 
NORMAL 5 5312 2048 4 0 
NORMAL 5 5888 2816 0 0 
NORMAL 5 5952 2816 1 0 
NORMAL 5 6016 2816 1 0 
NORMAL 5 6080 2816 2 0 
NORMAL 5 5952 2752 6 0 
NORMAL 5 6016 2752 8 0 
NORMAL 5 5376 2816 2 0 
NORMAL 5 5312 2816 1 0 
NORMAL 5 5248 2880 5 0 
NORMAL 5 5248 2944 5 0 
NORMAL 5 5248 3008 5 0 
NORMAL 5 5120 2880 6 0 
NORMAL 5 5184 2816 6 0 
NORMAL 5 5248 2752 7 0 
NORMAL 5 5312 2752 7 0 
NORMAL 5 5248 2816 4 0 
NORMAL 5 5184 2880 4 0 
NORMAL 5 5184 2944 4 0 
NORMAL 5 5120 2944 4 0 
NORMAL 5 5120 3008 4 0 
NORMAL 5 5184 3008 4 0 
1UP 23 5952 2880 
