3 8

NORMAL 5 8512 3072 0 0 
NORMAL 5 8576 3072 1 0 
NORMAL 5 8640 3072 2 0 
NORMAL 5 9152 3264 7 0 
NORMAL 5 9024 3264 7 0 
NORMAL 5 9088 3264 7 0 
NORMAL 5 8960 3264 7 0 
NORMAL 5 8896 3264 7 0 
NORMAL 5 8832 3264 7 0 
NORMAL 5 8768 3264 7 0 
NORMAL 5 8704 3264 7 0 
NORMAL 5 9024 3328 2 0 
NORMAL 5 8960 3328 1 0 
NORMAL 5 8896 3328 1 0 
NORMAL 5 8832 3328 1 0 
NORMAL 5 8768 3328 1 0 
NORMAL 5 8704 3328 1 0 
NORMAL 5 8576 3328 1 0 
NORMAL 5 8640 3328 1 0 
NORMAL 5 8512 3328 1 0 
NORMAL 5 8448 3328 1 0 
NORMAL 5 8384 3328 1 0 
NORMAL 5 8320 3328 1 0 
NORMAL 5 8256 3328 1 0 
NORMAL 5 8192 3328 1 0 
NORMAL 5 8640 3264 7 0 
NORMAL 5 8512 3264 7 0 
NORMAL 5 8576 3264 7 0 
NORMAL 5 8448 3264 7 0 
NORMAL 5 8384 3264 7 0 
NORMAL 5 8256 3264 7 0 
NORMAL 5 8320 3264 7 0 
NORMAL 5 8192 3264 7 0 
NORMAL 5 8192 3904 1 0 
NORMAL 5 8256 3904 1 0 
NORMAL 5 8576 4032 1 0 
NORMAL 5 8384 3904 2 0 
NORMAL 5 8640 4032 1 0 
NORMAL 5 8320 3904 1 0 
NORMAL 5 8512 4032 0 0 
NORMAL 5 8704 4032 1 0 
NORMAL 5 8512 3968 6 0 
NORMAL 5 8384 3840 8 0 
NORMAL 5 8768 3968 8 0 
NORMAL 5 9088 4032 8 0 
NORMAL 5 9024 4032 7 0 
NORMAL 5 8960 4032 6 0 
NORMAL 5 8576 3904 6 0 
NORMAL 5 8640 3904 7 0 
NORMAL 5 8704 3904 8 0 
NORMAL 5 8320 3776 8 0 
NORMAL 5 8256 3776 7 0 
NORMAL 5 8192 3776 6 0 
NORMAL 5 8192 3840 4 0 
NORMAL 5 8256 3840 4 0 
NORMAL 5 8320 3840 4 0 
NORMAL 5 8576 3968 4 0 
NORMAL 5 8640 3968 4 0 
NORMAL 5 8704 3968 4 0 
PLANT 10 9024 3072 9024 3968 
LEAF 27 8960 3072 
LEAF 27 9088 3200 
LEAF 27 8960 3328 
LEAF 27 9088 3456 
LEAF 27 8960 3584 
LEAF 27 9088 3712 
LEAF 27 8960 3840 
LEAF 27 9088 3968 
STEM 26 9024 3072 
STEM 26 9024 3136 
STEM 26 9024 3200 
STEM 26 9024 3264 
STEM 26 9024 3328 
STEM 26 9024 3392 
STEM 26 9024 3456 
STEM 26 9024 3520 
STEM 26 9024 3584 
STEM 26 9024 3648 
STEM 26 9024 3712 
STEM 26 9024 3776 
STEM 26 9024 3840 
STEM 26 9024 3904 
STEM 26 9024 3968 
PLANT 10 8640 3136 8640 3840 
LEAF 27 8576 3136 
LEAF 27 8704 3264 
LEAF 27 8576 3392 
LEAF 27 8704 3520 
LEAF 27 8576 3648 
LEAF 27 8704 3776 
STEM 26 8640 3136 
STEM 26 8640 3200 
STEM 26 8640 3264 
STEM 26 8640 3328 
STEM 26 8640 3392 
STEM 26 8640 3456 
STEM 26 8640 3520 
STEM 26 8640 3584 
STEM 26 8640 3648 
STEM 26 8640 3712 
STEM 26 8640 3776 
STEM 26 8640 3840 
PLANT 10 8256 3072 8256 3712 
LEAF 27 8192 3072 
LEAF 27 8320 3200 
LEAF 27 8192 3328 
LEAF 27 8320 3456 
LEAF 27 8192 3584 
LEAF 27 8320 3712 
STEM 26 8256 3072 
STEM 26 8256 3136 
STEM 26 8256 3200 
STEM 26 8256 3264 
STEM 26 8256 3328 
STEM 26 8256 3392 
STEM 26 8256 3456 
STEM 26 8256 3520 
STEM 26 8256 3584 
STEM 26 8256 3648 
STEM 26 8256 3712 
RED 14 8896 3072 
RED 14 8896 3136 
RED 14 8896 3200 
BLUE 15 8768 3200 
BLUE 15 8768 3136 
BLUE 15 8768 3072 
NORMAL 5 8384 3584 0 0 
NORMAL 5 8448 3584 1 0 
NORMAL 5 8512 3584 2 0 
NORMAL 5 8384 3520 6 0 
NORMAL 5 8448 3520 7 0 
NORMAL 5 8512 3520 8 0 
NORMAL 5 8768 3776 0 0 
NORMAL 5 8832 3776 1 0 
NORMAL 5 8896 3776 2 0 
NORMAL 5 8768 3712 6 0 
NORMAL 5 8832 3712 7 0 
NORMAL 5 8896 3712 8 0 
BUTTON 13 8832 3840 
RED 14 8192 3968 
RED 14 8256 3968 
RED 14 8320 3968 
RED 14 8320 4032 
CLOUDY 19 8448 4224 8448 3904 
NORMAL 5 8832 4032 2 0 
NORMAL 5 8768 4032 1 0 
SPIKE 12 8448 3840 
SPIKE 12 8512 3904 
