1 1

BLUE 15 1024 1216 
BLUE 15 1088 1152 
BLUE 15 1152 1216 
BLUE 15 1088 1216 
NORMAL 5 1216 1216 0 0 
NORMAL 5 1280 1216 1 0 
NORMAL 5 1344 1216 1 0 
NORMAL 5 1408 1216 1 0 
NORMAL 5 1472 1216 1 0 
NORMAL 5 1536 1216 1 0 
NORMAL 5 1600 1216 1 0 
NORMAL 5 1664 1216 1 0 
NORMAL 5 1728 1216 1 0 
NORMAL 5 1792 1216 1 0 
NORMAL 5 1856 1216 2 0 
NORMAL 5 1280 1152 6 0 
NORMAL 5 1344 1152 7 0 
NORMAL 5 1408 1152 7 0 
NORMAL 5 1472 1152 7 0 
NORMAL 5 1536 1152 7 0 
NORMAL 5 1600 1152 7 0 
NORMAL 5 1664 1152 7 0 
NORMAL 5 1728 1152 7 0 
NORMAL 5 1792 1152 8 0 
BLUE 15 1920 1280 
BLUE 15 1920 1344 
BLUE 15 1920 1408 
BLUE 15 1920 1472 
BLUE 15 1920 1536 
BLUE 15 1920 1600 
BLUE 15 1920 1664 
RED 14 1984 1280 
BUTTON 13 1472 1664 
