1 5

NORMAL 5 5568 1024 0 0 
NORMAL 5 5632 1024 1 0 
NORMAL 5 5696 1024 2 0 
PLANT 10 5632 1088 5632 1984 
LEAF 27 5568 1088 
LEAF 27 5696 1216 
LEAF 27 5568 1344 
LEAF 27 5696 1472 
LEAF 27 5568 1600 
LEAF 27 5696 1728 
LEAF 27 5568 1856 
LEAF 27 5696 1984 
STEM 26 5632 1088 
STEM 26 5632 1152 
STEM 26 5632 1216 
STEM 26 5632 1280 
STEM 26 5632 1344 
STEM 26 5632 1408 
STEM 26 5632 1472 
STEM 26 5632 1536 
STEM 26 5632 1600 
STEM 26 5632 1664 
STEM 26 5632 1728 
STEM 26 5632 1792 
STEM 26 5632 1856 
STEM 26 5632 1920 
STEM 26 5632 1984 
RED 14 5824 1024 
RED 14 5824 1088 
RED 14 5824 1152 
RED 14 5824 1216 
RED 14 5824 1280 
RED 14 5824 1344 
RED 14 5440 1344 
RED 14 5440 1280 
RED 14 5440 1216 
RED 14 5440 1152 
RED 14 5440 1088 
RED 14 5440 1024 
NORMAL 5 5440 1408 2 0 
NORMAL 5 5248 1408 1 0 
NORMAL 5 5376 1408 1 0 
NORMAL 5 5312 1408 1 0 
NORMAL 5 5376 1344 8 0 
NORMAL 5 5312 1344 7 0 
NORMAL 5 5248 1344 6 0 
NORMAL 5 5184 1408 0 0 
NORMAL 5 5952 1472 0 0 
NORMAL 5 6016 1472 1 0 
NORMAL 5 6080 1472 1 0 
NORMAL 5 6016 1408 6 0 
NORMAL 5 6080 1408 8 0 
NORMAL 5 6080 1664 7 0 
NORMAL 5 6016 1664 7 0 
NORMAL 5 5952 1664 7 0 
NORMAL 5 5888 1664 6 0 
NORMAL 5 5888 1728 1 0 
NORMAL 5 5952 1728 1 0 
NORMAL 5 6080 1728 1 0 
NORMAL 5 6016 1728 1 0 
NORMAL 5 5824 1728 0 0 
NORMAL 5 5504 1728 2 0 
NORMAL 5 5440 1728 1 0 
NORMAL 5 5376 1728 1 0 
NORMAL 5 5376 1664 8 0 
NORMAL 5 5312 1664 7 0 
NORMAL 5 5248 1664 6 0 
NORMAL 5 5184 1728 7 0 
NORMAL 5 5120 1728 6 0 
NORMAL 5 5120 1856 3 0 
NORMAL 5 5120 1792 3 0 
NORMAL 5 5120 1984 1 0 
NORMAL 5 5312 1792 5 0 
NORMAL 5 5312 1856 5 0 
NORMAL 5 5312 1920 5 0 
NORMAL 5 5376 1984 8 0 
NORMAL 5 5312 1984 4 0 
NORMAL 5 5248 1920 4 0 
NORMAL 5 5184 1920 4 0 
NORMAL 5 5120 1920 4 0 
NORMAL 5 5184 1856 4 0 
NORMAL 5 5184 1792 4 0 
NORMAL 5 5248 1792 4 0 
NORMAL 5 5248 1856 4 0 
NORMAL 5 5248 1728 4 0 
NORMAL 5 5312 1728 4 0 
PINNY 18 5888 1792 6080 1792 
NORMAL 5 5184 1984 4 0 
NORMAL 5 5248 1984 4 0 
1UP 23 5440 1792 
