1 6

NORMAL 5 6144 1472 2 0 
NORMAL 5 6272 1536 6 0 
NORMAL 5 6336 1472 6 0 
NORMAL 5 6400 1472 7 0 
NORMAL 5 6464 1472 7 0 
NORMAL 5 6528 1472 7 0 
NORMAL 5 6592 1472 7 0 
NORMAL 5 6656 1472 7 0 
NORMAL 5 6720 1472 8 0 
NORMAL 5 6784 1536 2 0 
NORMAL 5 6720 1536 0 0 
NORMAL 5 6528 1536 2 0 
NORMAL 5 6464 1536 1 0 
NORMAL 5 6400 1536 1 0 
NORMAL 5 6336 1536 1 0 
NORMAL 5 6336 1600 5 0 
NORMAL 5 6336 1664 5 0 
NORMAL 5 6336 1728 2 0 
NORMAL 5 6272 1728 1 0 
NORMAL 5 6208 1728 1 0 
NORMAL 5 6144 1728 1 0 
NORMAL 5 6272 1600 3 0 
NORMAL 5 6272 1664 4 0 
NORMAL 5 6208 1664 7 0 
NORMAL 5 6144 1664 7 0 
ONOFF 7 6400 1792 6400 1600 
ONOFF 7 6464 1792 6464 1600 
ONOFF 7 6528 1792 6528 1600 
NORMAL 5 6592 1792 0 0 
NORMAL 5 6656 1792 1 0 
NORMAL 5 6720 1792 1 0 
NORMAL 5 6784 1792 1 0 
NORMAL 5 6848 1792 1 0 
NORMAL 5 6912 1792 1 0 
NORMAL 5 7104 1792 1 0 
NORMAL 5 7104 1664 7 0 
NORMAL 5 6848 1728 7 0 
NORMAL 5 6784 1728 7 0 
NORMAL 5 6720 1728 7 0 
NORMAL 5 6656 1728 6 0 
NORMAL 5 7104 1728 4 0 
NORMAL 5 6976 1792 1 0 
NORMAL 5 7040 1792 1 0 
RED 14 6912 1856 
RED 14 6848 1920 
RED 14 6848 1856 
RED 14 6784 1856 
RED 14 6784 1920 
RED 14 6784 1984 
NORMAL 5 6336 1984 6 0 
NORMAL 5 6464 1984 7 0 
NORMAL 5 6400 1984 7 0 
NORMAL 5 6592 1984 7 0 
NORMAL 5 6528 1984 7 0 
NORMAL 5 6656 1984 8 0 
NORMAL 5 6976 1472 0 0 
NORMAL 5 7040 1472 1 0 
NORMAL 5 7104 1472 1 0 
NORMAL 5 7040 1408 6 0 
NORMAL 5 7104 1408 7 0 
NORMAL 5 7040 1664 6 0 
NORMAL 5 6912 1728 7 0 
NORMAL 5 6976 1728 7 0 
NORMAL 5 7040 1728 4 0 
