2 8

NORMAL 5 8256 2688 0 0 
NORMAL 5 8320 2688 1 0 
NORMAL 5 8384 2688 1 0 
NORMAL 5 8448 2688 2 0 
NORMAL 5 8256 2624 6 0 
NORMAL 5 8320 2624 7 0 
NORMAL 5 8384 2624 7 0 
NORMAL 5 8448 2624 8 0 
NORMAL 5 8192 3008 1 0 
NORMAL 5 8256 3008 2 0 
NORMAL 5 8192 2944 7 0 
NORMAL 5 8256 2880 6 0 
NORMAL 5 8320 2880 7 0 
NORMAL 5 8384 2880 7 0 
NORMAL 5 8448 2880 7 0 
NORMAL 5 8512 2880 7 0 
NORMAL 5 8576 2880 7 0 
NORMAL 5 8256 2944 4 0 
NORMAL 5 8320 2944 1 0 
NORMAL 5 8384 2944 1 0 
NORMAL 5 8448 3008 0 0 
NORMAL 5 8448 2944 4 0 
NORMAL 5 8512 3008 4 0 
NORMAL 5 8512 2944 4 0 
NORMAL 5 8576 2944 4 0 
NORMAL 5 8576 3008 4 0 
NORMAL 5 8640 3008 4 0 
NORMAL 5 8640 2944 4 0 
NORMAL 5 8704 2688 0 0 
NORMAL 5 8768 2688 1 0 
NORMAL 5 8832 2688 1 0 
NORMAL 5 8896 2688 1 0 
NORMAL 5 8960 2688 2 0 
NORMAL 5 8704 2624 6 0 
NORMAL 5 8768 2624 7 0 
NORMAL 5 8832 2624 7 0 
NORMAL 5 8896 2624 7 0 
NORMAL 5 8960 2624 8 0 
NORMAL 5 9088 2688 1 0 
NORMAL 5 8704 3008 2 0 
NORMAL 5 8960 2944 6 0 
NORMAL 5 9024 2944 7 0 
SPIKE 12 9088 2880 
SPIKE 12 9152 2880 
NORMAL 5 9088 2944 7 0 
NORMAL 5 9152 2944 7 0 
NORMAL 5 9024 3008 1 0 
NORMAL 5 9088 3008 1 0 
NORMAL 5 9152 3008 1 0 
NORMAL 5 8640 2880 7 0 
NORMAL 5 8704 2944 5 0 
NORMAL 5 8704 2880 8 0 
NORMAL 5 8960 3008 0 0 
PLANT 10 8832 2752 8832 3008 
LEAF 27 8768 2752 
LEAF 27 8896 2880 
LEAF 27 8768 3008 
STEM 26 8832 2752 
STEM 26 8832 2816 
STEM 26 8832 2880 
STEM 26 8832 2944 
STEM 26 8832 3008 
