3 2

NORMAL 5 2944 3072 2 0 
NORMAL 5 2880 3072 1 0 
NORMAL 5 2816 3072 1 0 
NORMAL 5 2752 3136 2 0 
NORMAL 5 2688 3136 0 0 
NORMAL 5 2752 3072 4 0 
NORMAL 5 2688 3072 4 0 
NORMAL 5 2496 3072 4 0 
NORMAL 5 2432 3072 6 0 
NORMAL 5 2496 3136 5 0 
NORMAL 5 2496 3200 5 0 
NORMAL 5 2624 3072 1 0 
NORMAL 5 2560 3072 1 0 
NORMAL 5 2496 3264 5 0 
NORMAL 5 2496 3328 5 0 
NORMAL 5 2496 3392 5 0 
NORMAL 5 2496 3456 2 0 
NORMAL 5 2432 3456 0 0 
NORMAL 5 2432 3392 3 0 
NORMAL 5 2432 3328 3 0 
NORMAL 5 2432 3264 3 0 
NORMAL 5 2432 3200 3 0 
NORMAL 5 2432 3136 3 0 
NORMAL 5 2688 3328 6 0 
NORMAL 5 2752 3328 7 0 
NORMAL 5 2816 3328 7 0 
NORMAL 5 2880 3328 7 0 
NORMAL 5 2944 3328 7 0 
NORMAL 5 3008 3328 8 0 
NORMAL 5 3008 3456 2 0 
NORMAL 5 2944 3456 0 0 
NORMAL 5 2688 3456 0 0 
NORMAL 5 2752 3456 2 0 
NORMAL 5 2688 3392 3 0 
NORMAL 5 2752 3392 4 0 
NORMAL 5 2816 3392 1 0 
NORMAL 5 2880 3392 1 0 
NORMAL 5 3008 3392 5 0 
NORMAL 5 2944 3392 4 0 
