3 6

SPIKE 12 6848 3072 
SPIKE 12 6912 3072 
SPIKE 12 6976 3072 
NORMAL 5 6208 3328 2 0 
NORMAL 5 6208 3264 8 0 
NORMAL 5 6144 3264 7 0 
NORMAL 5 6144 3328 1 0 
NORMAL 5 6272 3968 0 0 
NORMAL 5 6528 3968 2 0 
NORMAL 5 6272 3904 6 0 
NORMAL 5 6336 3840 6 0 
NORMAL 5 6400 3840 7 0 
NORMAL 5 6464 3840 8 0 
NORMAL 5 6528 3904 8 0 
NORMAL 5 6464 3904 4 0 
NORMAL 5 6400 3904 4 0 
NORMAL 5 6336 3904 4 0 
BLUE 15 6656 3968 
BLUE 15 6592 3968 
NORMAL 5 6464 3968 1 0 
NORMAL 5 6400 3968 1 0 
NORMAL 5 6336 3968 1 0 
NORMAL 5 6912 4032 0 0 
NORMAL 5 6976 4032 1 0 
NORMAL 5 7040 4032 1 0 
NORMAL 5 7104 4032 1 0 
NORMAL 5 6976 3968 4 0 
NORMAL 5 7040 3968 4 0 
NORMAL 5 7104 3968 4 0 
NORMAL 5 6912 3968 6 0 
NORMAL 5 6976 3904 6 0 
NORMAL 5 7040 3904 7 0 
NORMAL 5 7104 3904 8 0 
