4 9

NORMAL 5 10112 4096 8 0 
NORMAL 5 9728 4096 6 0 
NORMAL 5 9728 4160 0 0 
NORMAL 5 10112 4160 2 0 
NORMAL 5 9792 4096 4 0 
NORMAL 5 10048 4096 4 0 
NORMAL 5 9280 4160 0 0 
NORMAL 5 9344 4160 1 0 
NORMAL 5 9408 4160 1 0 
NORMAL 5 9472 4160 1 0 
NORMAL 5 9536 4160 2 0 
NORMAL 5 9280 4096 6 0 
NORMAL 5 9536 4096 8 0 
NORMAL 5 9344 4096 4 0 
NORMAL 5 9472 4096 4 0 
NORMAL 5 9408 4096 4 0 
CLOUDY 19 9216 4096 9216 4416 
NORMAL 5 9792 4160 2 0 
NORMAL 5 10048 4160 0 0 
NORMAL 5 9984 4096 1 0 
NORMAL 5 9920 4096 1 0 
NORMAL 5 9856 4096 1 0 
BLUE 15 9536 4224 
BLUE 15 9536 4288 
BLUE 15 9536 4352 
BLUE 15 9536 4416 
BLUE 15 9536 4480 
BLUE 15 9536 4544 
RED 14 9472 4288 
RED 14 9408 4288 
RED 14 9344 4288 
BUTTON 13 9408 4224 
