1 4

NORMAL 5 4096 1024 3 0 
NORMAL 5 4096 1088 3 0 
NORMAL 5 4096 1152 3 0 
NORMAL 5 4096 1216 3 0 
NORMAL 5 4096 1344 3 0 
NORMAL 5 4096 1408 3 0 
NORMAL 5 4096 1472 3 0 
NORMAL 5 4096 1280 3 0 
NORMAL 5 4096 1536 3 0 
NORMAL 5 4096 1600 3 0 
NORMAL 5 4096 1664 3 0 
NORMAL 5 4096 1792 3 0 
NORMAL 5 4096 1856 3 0 
NORMAL 5 4096 1728 3 0 
NORMAL 5 4160 1856 5 0 
NORMAL 5 4160 1792 5 0 
NORMAL 5 4160 1664 5 0 
NORMAL 5 4160 1600 5 0 
NORMAL 5 4160 1728 5 0 
NORMAL 5 4160 1536 5 0 
NORMAL 5 4160 1408 5 0 
NORMAL 5 4160 1280 5 0 
NORMAL 5 4160 1472 5 0 
NORMAL 5 4160 1216 5 0 
NORMAL 5 4160 1152 5 0 
NORMAL 5 4160 1088 5 0 
NORMAL 5 4160 1344 5 0 
NORMAL 5 4160 1024 5 0 
NORMAL 5 4096 1920 3 0 
NORMAL 5 4096 1984 3 0 
NORMAL 5 4160 1984 5 0 
NORMAL 5 4160 1920 5 0 
BLUE 15 5056 1216 
BLUE 15 4672 1088 
BLUE 15 4608 1088 
BLUE 15 4544 1088 
BLUE 15 4352 1280 
BLUE 15 4224 1280 
BLUE 15 4288 1280 
BLUE 15 4608 1472 
BLUE 15 4672 1472 
BLUE 15 4736 1472 
BLUE 15 4800 1472 
NORMAL 5 5056 1664 0 0 
NORMAL 5 4608 1856 0 0 
NORMAL 5 4672 1856 1 0 
NORMAL 5 4736 1856 1 0 
NORMAL 5 4800 1856 2 0 
CLOUDY 19 4928 2048 4928 1664 
CLOUDY 19 4480 1088 4480 1536 
NORMAL 5 4992 1280 3 0 
NORMAL 5 4992 1216 3 0 
NORMAL 5 5056 1344 3 0 
NORMAL 5 5056 1152 3 0 
BLUE 15 5056 1280 
