2 8

NORMAL 5 9152 3008 1 0 
NORMAL 5 9024 3008 1 0 
NORMAL 5 9088 3008 1 0 
NORMAL 5 8960 3008 1 0 
NORMAL 5 8832 3008 1 0 
NORMAL 5 8896 3008 1 0 
NORMAL 5 8768 3008 1 0 
NORMAL 5 8704 3008 1 0 
NORMAL 5 8640 3008 1 0 
NORMAL 5 8576 3008 1 0 
NORMAL 5 8512 3008 1 0 
NORMAL 5 8384 3008 1 0 
NORMAL 5 8448 3008 1 0 
NORMAL 5 8320 3008 1 0 
NORMAL 5 8256 3008 1 0 
NORMAL 5 8192 3008 1 0 
NORMAL 5 9152 2944 7 0 
NORMAL 5 9088 2944 7 0 
NORMAL 5 9024 2944 7 0 
NORMAL 5 8960 2944 7 0 
NORMAL 5 8896 2944 7 0 
NORMAL 5 8832 2944 7 0 
NORMAL 5 8768 2944 7 0 
NORMAL 5 8704 2944 7 0 
NORMAL 5 8640 2944 7 0 
NORMAL 5 8576 2944 7 0 
NORMAL 5 8512 2944 7 0 
NORMAL 5 8448 2944 7 0 
NORMAL 5 8320 2944 7 0 
NORMAL 5 8192 2944 7 0 
NORMAL 5 8256 2944 7 0 
NORMAL 5 8384 2944 7 0 
NORMAL 5 9152 2560 1 0 
NORMAL 5 9088 2560 1 0 
NORMAL 5 9024 2560 1 0 
NORMAL 5 8960 2560 1 0 
NORMAL 5 8896 2560 1 0 
NORMAL 5 8832 2560 1 0 
NORMAL 5 8768 2560 1 0 
NORMAL 5 8704 2560 1 0 
NORMAL 5 8640 2560 1 0 
NORMAL 5 8576 2560 1 0 
NORMAL 5 8512 2560 1 0 
NORMAL 5 8448 2560 1 0 
NORMAL 5 8384 2560 1 0 
NORMAL 5 8320 2560 1 0 
NORMAL 5 8256 2560 1 0 
NORMAL 5 8192 2560 0 0 
NORMAL 5 8192 2496 6 0 
NORMAL 5 8256 2496 7 0 
NORMAL 5 8320 2496 7 0 
NORMAL 5 8384 2496 7 0 
NORMAL 5 8448 2496 7 0 
NORMAL 5 8512 2496 7 0 
NORMAL 5 8576 2496 7 0 
NORMAL 5 8640 2496 7 0 
NORMAL 5 8704 2496 7 0 
NORMAL 5 8768 2496 7 0 
NORMAL 5 8832 2496 7 0 
NORMAL 5 8896 2496 7 0 
NORMAL 5 8960 2496 7 0 
NORMAL 5 9024 2496 7 0 
NORMAL 5 9088 2496 7 0 
NORMAL 5 9152 2496 7 0 
NORMAL 5 9152 2048 1 0 
NORMAL 5 9088 2048 1 0 
NORMAL 5 8832 2048 1 0 
NORMAL 5 8768 2048 1 0 
NORMAL 5 8704 2048 1 0 
NORMAL 5 8448 2048 1 0 
NORMAL 5 8320 2048 1 0 
NORMAL 5 8384 2048 1 0 
RED 14 8896 2048 
RED 14 8960 2048 
RED 14 9024 2048 
RED 14 8512 2048 
RED 14 8576 2048 
RED 14 8640 2048 
RED 14 8192 2048 
RED 14 8256 2048 
ROBOT 20 8256 2624 8512 2624 
CLOUDY 19 8192 2432 8192 2176 
CLOUDY 19 8576 2112 8576 2432 
CLOUDY 19 8960 2432 8960 2112 
SPIKE 12 8512 2880 
SPIKE 12 8512 2816 
SPIKE 12 8512 2752 
SPIKE 12 8832 2624 
NORMAL 5 8896 2624 1 0 
NORMAL 5 8768 2624 1 0 
PINNY 18 8960 2624 9024 2624 
PINNY 18 8704 2624 8640 2624 
