2 9

NORMAL 5 10176 2112 3 0 
NORMAL 5 10176 2048 3 0 
NORMAL 5 10176 2240 3 0 
NORMAL 5 10176 2176 3 0 
NORMAL 5 10176 2304 3 0 
NORMAL 5 10176 2368 3 0 
NORMAL 5 10176 2496 3 0 
NORMAL 5 10176 2432 3 0 
NORMAL 5 10176 2624 3 0 
NORMAL 5 10176 2560 3 0 
NORMAL 5 10176 2688 3 0 
NORMAL 5 10176 2752 3 0 
NORMAL 5 10176 2816 3 0 
NORMAL 5 10176 2880 3 0 
NORMAL 5 10176 2944 3 0 
NORMAL 5 10176 3008 3 0 
NORMAL 5 10048 3008 1 0 
NORMAL 5 10112 3008 1 0 
NORMAL 5 10112 2944 7 0 
NORMAL 5 10048 2944 7 0 
NORMAL 5 9664 2944 7 0 
NORMAL 5 9600 2944 7 0 
NORMAL 5 9536 2944 7 0 
NORMAL 5 9472 2944 7 0 
NORMAL 5 9408 2944 7 0 
NORMAL 5 9344 2944 7 0 
NORMAL 5 9280 2944 7 0 
NORMAL 5 9216 2944 7 0 
NORMAL 5 9216 3008 1 0 
NORMAL 5 9280 3008 1 0 
NORMAL 5 9344 3008 1 0 
NORMAL 5 9408 3008 1 0 
NORMAL 5 9472 3008 1 0 
NORMAL 5 9536 3008 1 0 
NORMAL 5 9600 3008 1 0 
NORMAL 5 9664 3008 1 0 
NORMAL 5 9984 3008 1 0 
NORMAL 5 9920 3008 1 0 
NORMAL 5 9856 3008 1 0 
NORMAL 5 9792 3008 1 0 
NORMAL 5 9728 3008 1 0 
NORMAL 5 9728 2944 7 0 
NORMAL 5 9856 2944 7 0 
NORMAL 5 9792 2944 7 0 
NORMAL 5 9920 2944 7 0 
NORMAL 5 9984 2944 7 0 
NORMAL 5 9984 2048 5 0 
NORMAL 5 9984 2112 5 0 
NORMAL 5 9984 2176 5 0 
NORMAL 5 9984 2240 5 0 
NORMAL 5 9984 2304 5 0 
NORMAL 5 9984 2368 5 0 
NORMAL 5 9984 2432 5 0 
NORMAL 5 9984 2496 5 0 
NORMAL 5 9984 2560 5 0 
FURRY 9 9984 2624 
FURRY 9 9920 2624 
FURRY 9 9856 2624 
NORMAL 5 9920 2496 7 0 
NORMAL 5 9856 2496 7 0 
NORMAL 5 9792 2496 7 0 
NORMAL 5 9728 2496 7 0 
NORMAL 5 9664 2496 7 0 
NORMAL 5 9600 2496 7 0 
NORMAL 5 9536 2496 7 0 
NORMAL 5 9472 2496 7 0 
NORMAL 5 9408 2496 7 0 
NORMAL 5 9344 2496 7 0 
NORMAL 5 9216 2496 7 0 
NORMAL 5 9280 2496 7 0 
NORMAL 5 9216 2560 1 0 
NORMAL 5 9280 2560 1 0 
NORMAL 5 9344 2560 1 0 
NORMAL 5 9408 2560 1 0 
NORMAL 5 9472 2560 1 0 
NORMAL 5 9536 2560 1 0 
NORMAL 5 9600 2560 1 0 
NORMAL 5 9664 2560 1 0 
NORMAL 5 9728 2560 1 0 
NORMAL 5 9792 2560 1 0 
NORMAL 5 9856 2560 1 0 
NORMAL 5 9920 2560 1 0 
NORMAL 5 9472 2048 1 0 
NORMAL 5 9216 2048 1 0 
NORMAL 5 9600 2048 2 0 
NORMAL 5 9536 2048 1 0 
RED 14 9280 2048 
RED 14 9344 2048 
RED 14 9408 2048 
ROBOT 20 9280 2624 9536 2624 
CLOUDY 19 9344 2112 9344 2432 
SPIKE 12 9216 2880 
SPIKE 12 9216 2816 
SPIKE 12 9216 2752 
