4 8

NORMAL 5 8192 4160 1 0 
NORMAL 5 8320 4160 1 0 
NORMAL 5 8256 4160 1 0 
NORMAL 5 8384 4160 1 0 
NORMAL 5 8448 4160 1 0 
NORMAL 5 8576 4160 1 0 
NORMAL 5 8640 4160 1 0 
NORMAL 5 8512 4160 1 0 
NORMAL 5 8704 4160 1 0 
NORMAL 5 8832 4160 1 0 
NORMAL 5 8768 4160 1 0 
NORMAL 5 8896 4160 1 0 
NORMAL 5 9024 4160 1 0 
NORMAL 5 8960 4160 1 0 
NORMAL 5 9152 4160 1 0 
NORMAL 5 9088 4160 1 0 
NORMAL 5 8192 4096 7 0 
NORMAL 5 8256 4096 7 0 
NORMAL 5 8384 4096 7 0 
NORMAL 5 8320 4096 7 0 
NORMAL 5 8448 4096 7 0 
NORMAL 5 8512 4096 7 0 
NORMAL 5 8640 4096 7 0 
NORMAL 5 8704 4096 7 0 
NORMAL 5 8576 4096 7 0 
NORMAL 5 8832 4096 7 0 
NORMAL 5 8768 4096 7 0 
NORMAL 5 8896 4096 7 0 
NORMAL 5 8960 4096 7 0 
NORMAL 5 9024 4096 7 0 
NORMAL 5 9088 4096 7 0 
NORMAL 5 9152 4096 7 0 
NORMAL 5 8192 4608 1 0 
NORMAL 5 8256 4608 1 0 
NORMAL 5 8320 4608 1 0 
NORMAL 5 8384 4608 1 0 
NORMAL 5 8448 4608 1 0 
NORMAL 5 8512 4608 1 0 
NORMAL 5 8576 4608 1 0 
NORMAL 5 8640 4608 1 0 
NORMAL 5 8704 4608 1 0 
NORMAL 5 8768 4608 1 0 
NORMAL 5 8832 4608 1 0 
NORMAL 5 8896 4608 1 0 
NORMAL 5 8960 4608 1 0 
NORMAL 5 9024 4608 1 0 
NORMAL 5 9088 4608 1 0 
NORMAL 5 9152 4608 1 0 
NORMAL 5 9152 4544 7 0 
NORMAL 5 9088 4544 7 0 
NORMAL 5 9024 4544 7 0 
NORMAL 5 8960 4544 7 0 
NORMAL 5 8896 4544 7 0 
NORMAL 5 8832 4544 7 0 
NORMAL 5 8768 4544 7 0 
NORMAL 5 8704 4544 7 0 
NORMAL 5 8640 4544 7 0 
NORMAL 5 8576 4544 7 0 
NORMAL 5 8448 4544 7 0 
NORMAL 5 8512 4544 7 0 
NORMAL 5 8384 4544 7 0 
NORMAL 5 8320 4544 7 0 
NORMAL 5 8256 4544 7 0 
NORMAL 5 8192 4544 7 0 
SPIKE 12 9024 5056 
SPIKE 12 9088 5056 
SPIKE 12 9152 5056 
NORMAL 5 8960 5056 5 0 
NORMAL 5 8960 4992 5 0 
NORMAL 5 8896 4992 3 0 
NORMAL 5 8896 5056 3 0 
NORMAL 5 8896 4928 6 0 
NORMAL 5 8960 4928 8 0 
SPIKE 12 8960 4864 
SPIKE 12 8896 4864 
SPIKE 12 9152 4672 
NORMAL 5 8320 4928 7 0 
NORMAL 5 8256 4928 7 0 
NORMAL 5 8192 4864 8 0 
NORMAL 5 8192 4928 3 0 
NORMAL 5 8448 4992 5 0 
NORMAL 5 8448 5056 5 0 
NORMAL 5 8384 4928 7 0 
NORMAL 5 8512 4928 8 0 
NORMAL 5 8448 4928 7 0 
NORMAL 5 8384 4992 3 0 
NORMAL 5 8384 5056 3 0 
NORMAL 5 8256 4992 1 0 
NORMAL 5 8320 4992 1 0 
SPIKE 12 8320 5056 
SPIKE 12 8512 4992 
SPIKE 12 8512 5056 
CLOUDY 19 8832 5056 8576 5056 
