5 2

NORMAL 5 2112 5376 5 0 
NORMAL 5 2112 5440 5 0 
NORMAL 5 2112 5504 5 0 
NORMAL 5 2048 5504 3 0 
NORMAL 5 2048 5440 3 0 
NORMAL 5 2048 5376 3 0 
NORMAL 5 2048 5888 0 0 
NORMAL 5 2112 5888 1 0 
NORMAL 5 2240 5888 1 0 
NORMAL 5 2304 5888 1 0 
NORMAL 5 2368 5888 1 0 
NORMAL 5 2432 5888 1 0 
NORMAL 5 2176 5888 1 0 
NORMAL 5 2496 5888 1 0 
NORMAL 5 2560 5888 1 0 
NORMAL 5 2624 5888 1 0 
NORMAL 5 2688 5888 1 0 
NORMAL 5 2752 5888 1 0 
NORMAL 5 2816 5888 1 0 
NORMAL 5 2880 5888 1 0 
NORMAL 5 2944 5888 1 0 
NORMAL 5 3008 5888 1 0 
NORMAL 5 3008 5824 7 0 
NORMAL 5 2944 5824 7 0 
NORMAL 5 2880 5824 7 0 
NORMAL 5 2816 5824 7 0 
NORMAL 5 2688 5824 7 0 
NORMAL 5 2752 5824 7 0 
NORMAL 5 2560 5824 7 0 
NORMAL 5 2624 5824 7 0 
NORMAL 5 2496 5824 7 0 
NORMAL 5 2432 5824 7 0 
NORMAL 5 2368 5824 7 0 
NORMAL 5 2304 5824 7 0 
NORMAL 5 2240 5824 7 0 
NORMAL 5 2112 5824 7 0 
NORMAL 5 2176 5824 7 0 
NORMAL 5 2048 5824 6 0 
NORMAL 5 2048 5568 1 0 
NORMAL 5 2112 5568 2 0 
NORMAL 5 2048 5312 3 0 
NORMAL 5 2112 5312 5 0 
NORMAL 5 2048 5248 6 0 
NORMAL 5 2112 5248 8 0 
NORMAL 5 2368 5312 5 0 
NORMAL 5 2624 5312 5 0 
NORMAL 5 2880 5312 5 0 
NORMAL 5 2880 5568 5 0 
NORMAL 5 2624 5568 5 0 
NORMAL 5 2368 5568 5 0 
NORMAL 5 2880 5504 3 0 
NORMAL 5 2880 5440 3 0 
NORMAL 5 2880 5376 3 0 
BLUE 15 2432 5568 
BLUE 15 2496 5568 
BLUE 15 2560 5568 
BLUE 15 2624 5696 
BLUE 15 2624 5632 
BLUE 15 2624 5760 
BLUE 15 2368 5440 
BLUE 15 2368 5504 
BLUE 15 2368 5376 
BLUE 15 2624 5376 
BLUE 15 2624 5440 
BLUE 15 2624 5504 
BLUE 15 2944 5312 
BLUE 15 3008 5312 
BLUE 15 2880 5248 
BLUE 15 2880 5184 
BLUE 15 2880 5120 
BLUE 15 2368 5184 
BLUE 15 2368 5248 
BLUE 15 2304 5312 
BLUE 15 2240 5312 
BLUE 15 2176 5312 
BLUE 15 2112 5696 
BLUE 15 2112 5760 
BLUE 15 2112 5632 
RED 14 2176 5568 
RED 14 2240 5568 
RED 14 2304 5568 
RED 14 2368 5632 
RED 14 2368 5696 
RED 14 2368 5760 
RED 14 2432 5312 
RED 14 2496 5312 
RED 14 2560 5312 
RED 14 2624 5248 
RED 14 2624 5184 
RED 14 2624 5120 
RED 14 2688 5312 
RED 14 2752 5312 
RED 14 2816 5312 
RED 14 2688 5568 
RED 14 2752 5568 
RED 14 2816 5568 
RED 14 2880 5632 
RED 14 2880 5696 
RED 14 2880 5760 
RED 14 2944 5568 
RED 14 3008 5568 
BUTTON 13 3008 5696 
BUTTON 13 3008 5504 
BUTTON 13 3008 5184 
BUTTON 13 2752 5440 
BUTTON 13 2496 5440 
BUTTON 13 2496 5696 
BUTTON 13 2240 5696 
BUTTON 13 2240 5440 
BUTTON 13 2432 5184 
BLUE 15 2368 5120 
RED 14 2048 5952 
RED 14 2048 6016 
RED 14 2048 6080 
NORMAL 5 2752 6016 2 0 
NORMAL 5 3008 6016 2 0 
NORMAL 5 2944 6016 0 0 
NORMAL 5 2688 6016 0 0 
NORMAL 5 2432 6016 0 0 
NORMAL 5 2496 6016 2 0 
NORMAL 5 2432 5952 6 0 
NORMAL 5 2496 5952 8 0 
NORMAL 5 2752 5952 8 0 
NORMAL 5 3008 5952 8 0 
NORMAL 5 2944 5952 6 0 
NORMAL 5 2688 5952 6 0 
NORMAL 5 2560 6080 6 0 
NORMAL 5 2816 6080 6 0 
NORMAL 5 2880 6080 8 0 
NORMAL 5 2624 6080 8 0 
