6 3

NORMAL 5 3072 6912 1 0 
NORMAL 5 3136 6912 2 0 
NORMAL 5 3072 6784 3 0 
NORMAL 5 3072 6848 3 0 
NORMAL 5 3136 6784 5 0 
NORMAL 5 3136 6848 5 0 
NORMAL 5 3136 6144 5 0 
NORMAL 5 3136 6208 5 0 
NORMAL 5 3136 6272 5 0 
NORMAL 5 3136 6336 5 0 
NORMAL 5 3136 6400 5 0 
NORMAL 5 3072 6208 3 0 
NORMAL 5 3072 6144 3 0 
NORMAL 5 3072 6272 3 0 
NORMAL 5 3072 6336 3 0 
NORMAL 5 3072 6400 3 0 
NORMAL 5 3136 6720 8 0 
NORMAL 5 3072 6720 6 0 
NORMAL 5 3136 6464 5 0 
NORMAL 5 3072 6464 3 0 
NORMAL 5 3136 6528 2 0 
NORMAL 5 3072 6528 0 0 
