6 5

NORMAL 5 6080 6784 1 0 
NORMAL 5 6016 6784 1 0 
NORMAL 5 5952 6784 1 0 
NORMAL 5 5824 6784 1 0 
NORMAL 5 5888 6784 1 0 
NORMAL 5 5760 6784 1 0 
NORMAL 5 5696 6784 0 0 
NORMAL 5 5696 6720 6 0 
NORMAL 5 5760 6720 7 0 
NORMAL 5 5824 6720 7 0 
NORMAL 5 5888 6720 7 0 
NORMAL 5 5952 6720 7 0 
NORMAL 5 6016 6720 7 0 
NORMAL 5 6080 6720 7 0 
NORMAL 5 5632 6208 1 0 
NORMAL 5 5696 6208 1 0 
NORMAL 5 5760 6208 1 0 
NORMAL 5 5824 6208 1 0 
NORMAL 5 5888 6208 1 0 
NORMAL 5 5952 6208 1 0 
NORMAL 5 6016 6208 1 0 
NORMAL 5 6080 6208 1 0 
NORMAL 5 5568 6208 0 0 
