1 3

NORMAL 5 3712 1984 7 0 
NORMAL 5 3776 1984 7 0 
NORMAL 5 3840 1984 7 0 
NORMAL 5 3904 1984 7 0 
NORMAL 5 3968 1984 7 0 
NORMAL 5 4032 1984 7 0 
NORMAL 5 3648 1984 7 0 
NORMAL 5 3520 1984 7 0 
NORMAL 5 3584 1984 7 0 
NORMAL 5 3392 1984 7 0 
NORMAL 5 3456 1984 7 0 
NORMAL 5 3328 1984 7 0 
NORMAL 5 3264 1984 7 0 
NORMAL 5 3200 1984 7 0 
NORMAL 5 3072 1984 3 0 
NORMAL 5 3072 1920 3 0 
NORMAL 5 3072 1856 3 0 
NORMAL 5 3072 1792 3 0 
NORMAL 5 3072 1728 3 0 
NORMAL 5 3072 1664 3 0 
NORMAL 5 3072 1600 3 0 
NORMAL 5 3072 1536 3 0 
NORMAL 5 3072 1472 3 0 
NORMAL 5 3072 1408 3 0 
NORMAL 5 3072 1344 3 0 
NORMAL 5 3072 1280 3 0 
NORMAL 5 3072 1216 3 0 
NORMAL 5 3072 1152 3 0 
NORMAL 5 3072 1088 3 0 
NORMAL 5 3072 1024 3 0 
NORMAL 5 3136 1088 5 0 
NORMAL 5 3136 1024 5 0 
NORMAL 5 3136 1152 5 0 
NORMAL 5 3136 1280 5 0 
NORMAL 5 3136 1216 5 0 
NORMAL 5 3136 1408 5 0 
NORMAL 5 3136 1472 5 0 
NORMAL 5 3136 1344 5 0 
NORMAL 5 3136 1536 5 0 
NORMAL 5 3136 1600 5 0 
NORMAL 5 3136 1664 5 0 
NORMAL 5 3136 1792 5 0 
NORMAL 5 3136 1728 5 0 
NORMAL 5 3136 1856 5 0 
NORMAL 5 3136 1920 5 0 
NORMAL 5 3136 1984 5 0 
