3 5

NORMAL 5 5952 3264 2 0 
NORMAL 5 5888 3264 1 0 
NORMAL 5 6016 3520 0 0 
NORMAL 5 6080 3520 1 0 
NORMAL 5 5952 3776 2 0 
NORMAL 5 5888 3776 1 0 
NORMAL 5 5568 3520 2 0 
NORMAL 5 5376 3520 0 0 
NORMAL 5 5440 3264 1 0 
NORMAL 5 5376 3264 1 0 
NORMAL 5 5312 3264 1 0 
NORMAL 5 5184 3264 1 0 
NORMAL 5 5248 3264 1 0 
NORMAL 5 5120 3264 1 0 
NORMAL 5 5120 3072 6 0 
NORMAL 5 5184 3072 8 0 
NORMAL 5 5184 3136 5 0 
NORMAL 5 5120 3136 3 0 
NORMAL 5 5248 3200 7 0 
NORMAL 5 5312 3200 7 0 
NORMAL 5 5376 3200 7 0 
NORMAL 5 5440 3200 7 0 
NORMAL 5 5184 3200 5 0 
NORMAL 5 5120 3200 3 0 
NORMAL 5 5504 3200 8 0 
NORMAL 5 5952 3200 8 0 
NORMAL 5 6080 3456 7 0 
NORMAL 5 6016 3456 6 0 
NORMAL 5 5888 3200 7 0 
NORMAL 5 5824 3200 7 0 
NORMAL 5 5760 3200 6 0 
NORMAL 5 5824 3264 5 0 
NORMAL 5 5824 3328 5 0 
NORMAL 5 5824 3456 5 0 
NORMAL 5 5824 3520 5 0 
NORMAL 5 5824 3392 5 0 
NORMAL 5 5760 3264 3 0 
NORMAL 5 5760 3328 3 0 
NORMAL 5 5760 3392 3 0 
NORMAL 5 5760 3456 3 0 
NORMAL 5 5760 3520 3 0 
NORMAL 5 5504 3392 3 0 
NORMAL 5 5504 3328 3 0 
NORMAL 5 5568 3392 5 0 
NORMAL 5 5568 3328 5 0 
NORMAL 5 5568 3264 5 0 
NORMAL 5 5504 3264 3 0 
NORMAL 5 5568 3200 8 0 
NORMAL 5 5376 3456 6 0 
NORMAL 5 5440 3456 6 0 
NORMAL 5 5504 3456 7 0 
NORMAL 5 5568 3456 8 0 
NORMAL 5 5184 3520 5 0 
NORMAL 5 5184 3584 5 0 
NORMAL 5 5184 3648 5 0 
NORMAL 5 5184 3712 5 0 
NORMAL 5 5184 3776 5 0 
NORMAL 5 5184 3840 5 0 
NORMAL 5 5184 3904 5 0 
NORMAL 5 5120 3968 3 0 
NORMAL 5 5120 3904 3 0 
NORMAL 5 5120 3776 3 0 
NORMAL 5 5120 3712 3 0 
NORMAL 5 5120 3840 3 0 
NORMAL 5 5120 3584 3 0 
NORMAL 5 5120 3520 3 0 
NORMAL 5 5120 3648 3 0 
NORMAL 5 5184 3456 8 0 
NORMAL 5 5120 3456 7 0 
NORMAL 5 5184 4032 2 0 
NORMAL 5 5184 3968 5 0 
NORMAL 5 5120 4032 1 0 
NORMAL 5 5952 3712 8 0 
NORMAL 5 5888 3712 7 0 
NORMAL 5 5824 3584 5 0 
NORMAL 5 5824 3648 5 0 
NORMAL 5 5824 3712 5 0 
NORMAL 5 5824 3776 5 0 
NORMAL 5 5824 3840 5 0 
NORMAL 5 5824 3904 5 0 
NORMAL 5 5760 3584 3 0 
NORMAL 5 5760 3648 3 0 
NORMAL 5 5760 3712 3 0 
NORMAL 5 5760 3776 3 0 
NORMAL 5 5760 3840 3 0 
NORMAL 5 5760 3904 3 0 
NORMAL 5 5824 3968 5 0 
NORMAL 5 5888 3968 7 0 
NORMAL 5 5952 3968 7 0 
NORMAL 5 6016 3968 7 0 
NORMAL 5 6080 3968 7 0 
NORMAL 5 6080 4032 1 0 
NORMAL 5 6016 4032 1 0 
NORMAL 5 5952 4032 1 0 
NORMAL 5 5888 4032 1 0 
NORMAL 5 5824 4032 1 0 
NORMAL 5 5760 4032 0 0 
NORMAL 5 5760 3968 3 0 
NORMAL 5 5632 3904 0 0 
NORMAL 5 5696 3904 1 0 
NORMAL 5 5504 3776 0 0 
NORMAL 5 5568 3776 1 0 
NORMAL 5 5440 3776 1 0 
NORMAL 5 5376 3776 1 0 
NORMAL 5 5376 3712 6 0 
NORMAL 5 5440 3712 7 0 
NORMAL 5 5504 3712 7 0 
NORMAL 5 5568 3712 7 0 
NORMAL 5 5632 3712 7 0 
NORMAL 5 5696 3712 7 0 
NORMAL 5 5632 3840 3 0 
NORMAL 5 5696 3840 5 0 
NORMAL 5 5696 3776 5 0 
NORMAL 5 5632 3776 5 0 
BUTTON 13 5888 3840 
PINNY 18 6016 3072 5504 3072 
ONOFF 7 5248 3776 5248 3328 
ONOFF 7 5312 3776 5312 3328 
PINNY 18 4480 3328 5376 3328 
