3 6

NORMAL 5 6208 3264 5 0 
NORMAL 5 6208 3392 5 0 
NORMAL 5 6208 3328 5 0 
NORMAL 5 6208 3200 5 0 
NORMAL 5 6208 3072 5 0 
NORMAL 5 6208 3136 5 0 
NORMAL 5 6144 3072 3 0 
NORMAL 5 6144 3136 3 0 
NORMAL 5 6144 3200 3 0 
NORMAL 5 6144 3328 3 0 
NORMAL 5 6144 3392 3 0 
NORMAL 5 6144 3264 3 0 
NORMAL 5 6208 3968 5 0 
NORMAL 5 6208 3904 5 0 
NORMAL 5 6208 3840 5 0 
NORMAL 5 6208 3712 5 0 
NORMAL 5 6208 3584 5 0 
NORMAL 5 6208 3520 5 0 
NORMAL 5 6208 3456 5 0 
NORMAL 5 6208 3648 5 0 
NORMAL 5 6208 3776 5 0 
NORMAL 5 6208 4032 5 0 
NORMAL 5 6144 4032 3 0 
NORMAL 5 6144 3968 3 0 
NORMAL 5 6144 3904 3 0 
NORMAL 5 6144 3840 3 0 
NORMAL 5 6144 3776 3 0 
NORMAL 5 6144 3648 3 0 
NORMAL 5 6144 3712 3 0 
NORMAL 5 6144 3584 3 0 
NORMAL 5 6144 3520 3 0 
NORMAL 5 6144 3456 3 0 
