5 3

NORMAL 5 3072 5120 3 0 
NORMAL 5 3072 5184 3 0 
NORMAL 5 3072 5248 3 0 
NORMAL 5 3072 5312 3 0 
NORMAL 5 3072 5376 3 0 
NORMAL 5 3072 5504 3 0 
NORMAL 5 3072 5568 3 0 
NORMAL 5 3072 5440 3 0 
NORMAL 5 3072 5632 3 0 
NORMAL 5 3072 5696 3 0 
NORMAL 5 3072 5760 3 0 
NORMAL 5 3072 5824 3 0 
NORMAL 5 3072 5888 3 0 
NORMAL 5 3072 5952 3 0 
NORMAL 5 3072 6080 3 0 
NORMAL 5 3072 6016 3 0 
NORMAL 5 3136 6080 5 0 
NORMAL 5 3136 6016 5 0 
NORMAL 5 3136 5888 5 0 
NORMAL 5 3136 5952 5 0 
NORMAL 5 3136 5824 5 0 
NORMAL 5 3136 5760 5 0 
NORMAL 5 3136 5696 5 0 
NORMAL 5 3136 5632 5 0 
NORMAL 5 3136 5568 5 0 
NORMAL 5 3136 5504 5 0 
NORMAL 5 3136 5440 5 0 
NORMAL 5 3136 5376 5 0 
NORMAL 5 3136 5312 5 0 
NORMAL 5 3136 5248 5 0 
NORMAL 5 3136 5184 5 0 
NORMAL 5 3136 5120 5 0 
