5 4

NORMAL 5 4096 6080 3 0 
NORMAL 5 4096 6016 3 0 
NORMAL 5 4096 5824 3 0 
NORMAL 5 4096 5888 3 0 
NORMAL 5 4096 5952 3 0 
NORMAL 5 4160 5952 5 0 
NORMAL 5 4160 6080 5 0 
NORMAL 5 4160 6016 5 0 
NORMAL 5 4160 5888 5 0 
NORMAL 5 4160 5824 5 0 
NORMAL 5 4160 5696 5 0 
NORMAL 5 4160 5760 5 0 
NORMAL 5 4160 5632 5 0 
NORMAL 5 4160 5568 5 0 
NORMAL 5 4160 5440 5 0 
NORMAL 5 4160 5376 5 0 
NORMAL 5 4160 5504 5 0 
NORMAL 5 4160 5248 5 0 
NORMAL 5 4160 5184 5 0 
NORMAL 5 4160 5312 5 0 
NORMAL 5 4160 5120 5 0 
NORMAL 5 4096 5760 3 0 
NORMAL 5 4096 5696 3 0 
NORMAL 5 4096 5632 3 0 
NORMAL 5 4096 5568 3 0 
NORMAL 5 4096 5440 3 0 
NORMAL 5 4096 5376 3 0 
NORMAL 5 4096 5504 3 0 
NORMAL 5 4096 5312 3 0 
NORMAL 5 4096 5184 3 0 
NORMAL 5 4096 5120 3 0 
NORMAL 5 4096 5248 3 0 
