5 9

NORMAL 5 10176 5120 3 0 
NORMAL 5 10176 5248 3 0 
NORMAL 5 10176 5184 3 0 
NORMAL 5 10176 5312 3 0 
NORMAL 5 10176 5376 3 0 
NORMAL 5 10176 5440 3 0 
NORMAL 5 10176 5504 3 0 
NORMAL 5 10176 5568 3 0 
NORMAL 5 10176 5632 3 0 
NORMAL 5 10176 5696 3 0 
NORMAL 5 10176 5760 3 0 
NORMAL 5 10176 5824 3 0 
NORMAL 5 10176 5888 1 0 
NORMAL 5 10112 5888 1 0 
NORMAL 5 10048 5888 1 0 
NORMAL 5 9984 5888 1 0 
NORMAL 5 9920 5888 1 0 
NORMAL 5 9856 5888 1 0 
NORMAL 5 9792 5888 1 0 
NORMAL 5 9728 5888 1 0 
NORMAL 5 9600 5888 1 0 
NORMAL 5 9536 5888 1 0 
NORMAL 5 9664 5888 1 0 
NORMAL 5 9472 5888 1 0 
NORMAL 5 9408 5888 1 0 
NORMAL 5 9344 5888 1 0 
NORMAL 5 9280 5888 1 0 
NORMAL 5 9216 5888 1 0 
NORMAL 5 9600 5120 5 0 
NORMAL 5 9600 5184 5 0 
NORMAL 5 9600 5248 5 0 
NORMAL 5 9600 5376 5 0 
NORMAL 5 9600 5440 5 0 
NORMAL 5 9600 5312 5 0 
NORMAL 5 9600 5504 5 0 
NORMAL 5 9536 5504 3 0 
NORMAL 5 9536 5440 3 0 
NORMAL 5 9536 5312 3 0 
NORMAL 5 9536 5248 3 0 
NORMAL 5 9536 5120 3 0 
NORMAL 5 9536 5376 3 0 
NORMAL 5 9536 5184 3 0 
NORMAL 5 9600 5568 2 0 
NORMAL 5 9536 5568 0 0 
SPIKE 12 9536 5824 
SPIKE 12 9600 5824 
SPIKE 12 9664 5824 
SPIKE 12 9728 5824 
SPIKE 12 9792 5824 
SPIKE 12 9856 5824 
SPIKE 12 9280 5824 
SPIKE 12 9344 5824 
SPIKE 12 9472 5824 
SPIKE 12 9408 5824 
SPIKE 12 9920 5824 
SPIKE 12 9984 5824 
SPIKE 12 10048 5824 
SPIKE 12 10112 5824 
CLOUDY 19 9664 5568 10112 5120 
SPIKE 12 9216 5824 
SPIKE 12 9216 5440 
SPIKE 12 9408 5440 
SPIKE 12 9472 5440 
