6 6

NORMAL 5 6144 6144 3 0 
NORMAL 5 6144 6208 3 0 
NORMAL 5 6144 6336 3 0 
NORMAL 5 6144 6272 3 0 
NORMAL 5 6144 6400 3 0 
NORMAL 5 6144 6464 3 0 
NORMAL 5 6144 6592 3 0 
NORMAL 5 6144 6528 3 0 
NORMAL 5 6144 6656 3 0 
NORMAL 5 6144 6720 3 0 
NORMAL 5 6208 6656 5 0 
NORMAL 5 6208 6464 5 0 
NORMAL 5 6208 6336 5 0 
NORMAL 5 6208 6144 5 0 
NORMAL 5 6208 6208 5 0 
NORMAL 5 6208 6272 5 0 
NORMAL 5 6208 6400 5 0 
NORMAL 5 6208 6528 5 0 
NORMAL 5 6208 6592 5 0 
NORMAL 5 6208 6720 5 0 
NORMAL 5 6208 6784 2 0 
NORMAL 5 6144 6784 1 0 
