0 7

NORMAL 5 7168 128 1 0 
NORMAL 5 7232 448 3 0 
NORMAL 5 7232 512 3 0 
NORMAL 5 7168 512 7 0 
BUTTON 13 7168 384 
NORMAL 5 7232 128 1 0 
NORMAL 5 7296 128 1 0 
NORMAL 5 7360 128 1 0 
NORMAL 5 7424 128 1 0 
NORMAL 5 7488 128 1 0 
NORMAL 5 7552 128 1 0 
NORMAL 5 7616 128 1 0 
NORMAL 5 7680 128 1 0 
NORMAL 5 7808 128 1 0 
NORMAL 5 7872 128 1 0 
NORMAL 5 7744 128 1 0 
NORMAL 5 7232 576 3 0 
NORMAL 5 7232 640 3 0 
NORMAL 5 7232 704 3 0 
NORMAL 5 7232 768 3 0 
NORMAL 5 7232 832 3 0 
NORMAL 5 7232 896 3 0 
NORMAL 5 7232 960 3 0 
NORMAL 5 7296 704 5 0 
NORMAL 5 7296 768 5 0 
NORMAL 5 7296 832 5 0 
NORMAL 5 7296 896 5 0 
NORMAL 5 7296 960 5 0 
NORMAL 5 7232 384 6 0 
NORMAL 5 7296 384 7 0 
NORMAL 5 7360 384 7 0 
NORMAL 5 7424 384 7 0 
NORMAL 5 7488 384 7 0 
NORMAL 5 7552 384 7 0 
NORMAL 5 7552 640 1 0 
NORMAL 5 7488 640 1 0 
NORMAL 5 7424 640 1 0 
NORMAL 5 7360 640 1 0 
SPIKE 12 8128 64 
NORMAL 5 7616 576 5 0 
NORMAL 5 7616 512 5 0 
NORMAL 5 7616 448 5 0 
NORMAL 5 7616 384 8 0 
NORMAL 5 7744 640 2 0 
NORMAL 5 7680 640 1 0 
NORMAL 5 7616 640 1 0 
BUTTON 13 7424 256 
RED 14 7232 256 
RED 14 7232 320 
BLUE 15 7616 320 
BLUE 15 7616 256 
BLUE 15 7616 192 
NORMAL 5 7936 128 2 0 
SPIKE 12 8000 64 
SPIKE 12 8064 64 
BLUE 15 8128 128 
BLUE 15 8064 128 
BLUE 15 8000 128 
RED 14 7232 192 
RED 14 8128 192 
BLUE 15 8128 256 
BLUE 15 8128 512 
BLUE 15 8128 448 
BLUE 15 8128 384 
BLUE 15 8128 320 
BLUE 15 8064 576 
BLUE 15 8128 576 
PINNY 18 7744 704 7552 704 
MOVING 6 7360 1088 7360 704 
MOVING 6 7424 1088 7424 704 
MOVING 6 7488 1088 7488 704 
