1 8

NORMAL 5 8192 1472 7 0 
NORMAL 5 8256 1472 7 0 
NORMAL 5 8320 1472 7 0 
NORMAL 5 8192 1536 1 0 
NORMAL 5 8256 1536 1 0 
NORMAL 5 8320 1536 1 0 
NORMAL 5 8384 1536 1 0 
NORMAL 5 8384 1472 7 0 
NORMAL 5 8448 1472 7 0 
NORMAL 5 8512 1472 7 0 
NORMAL 5 8576 1472 7 0 
NORMAL 5 8640 1472 7 0 
NORMAL 5 8640 1536 1 0 
NORMAL 5 8576 1536 1 0 
NORMAL 5 8512 1536 1 0 
NORMAL 5 8448 1536 1 0 
BUTTON 13 8384 1216 
RED 14 8448 1408 
RED 14 8448 1344 
RED 14 8448 1280 
RED 14 8448 1216 
RED 14 8448 1152 
RED 14 8448 1088 
BLUE 15 8768 1088 
BLUE 15 8768 1152 
BLUE 15 8832 1216 
BLUE 15 8832 1280 
BLUE 15 8896 1344 
BLUE 15 8896 1408 
BUTTON 13 8832 1408 
BUTTON 13 9152 1216 
NORMAL 5 8704 1536 1 0 
NORMAL 5 8768 1536 1 0 
NORMAL 5 8832 1536 1 0 
NORMAL 5 8896 1536 1 0 
NORMAL 5 8960 1536 1 0 
NORMAL 5 9024 1536 1 0 
NORMAL 5 9088 1536 1 0 
NORMAL 5 9152 1536 1 0 
NORMAL 5 8704 1472 7 0 
NORMAL 5 8768 1472 7 0 
NORMAL 5 8832 1472 7 0 
NORMAL 5 8896 1472 7 0 
NORMAL 5 8960 1472 7 0 
NORMAL 5 9088 1472 7 0 
NORMAL 5 9024 1472 7 0 
NORMAL 5 9152 1472 7 0 
NORMAL 5 8384 1984 7 0 
NORMAL 5 8320 1984 7 0 
NORMAL 5 8448 1984 7 0 
NORMAL 5 8768 1984 7 0 
NORMAL 5 8704 1984 7 0 
NORMAL 5 8832 1984 7 0 
NORMAL 5 9088 1984 7 0 
NORMAL 5 9152 1984 7 0 
RED 14 9024 1984 
RED 14 8960 1984 
RED 14 8896 1984 
RED 14 8640 1984 
RED 14 8576 1984 
RED 14 8512 1984 
RED 14 8192 1984 
RED 14 8256 1984 
ONOFF 7 8320 1728 8320 1600 
ONOFF 7 8640 1728 8640 1600 
ONOFF 7 8960 1728 8960 1600 
ONOFF 7 8384 1728 8384 1600 
ONOFF 7 8704 1728 8704 1600 
ONOFF 7 9024 1728 9024 1600 
