3 4

NORMAL 5 4096 3968 3 0 
NORMAL 5 4096 4032 3 0 
NORMAL 5 4096 3904 3 0 
NORMAL 5 4096 3840 3 0 
NORMAL 5 4160 3968 5 0 
NORMAL 5 4160 3904 5 0 
NORMAL 5 4160 3840 5 0 
NORMAL 5 4160 4032 5 0 
NORMAL 5 4160 3776 5 0 
NORMAL 5 4160 3712 5 0 
NORMAL 5 4160 3520 5 0 
NORMAL 5 4160 3648 5 0 
NORMAL 5 4160 3584 5 0 
NORMAL 5 4160 3456 5 0 
NORMAL 5 4160 3392 5 0 
NORMAL 5 4160 3328 5 0 
NORMAL 5 4160 3264 5 0 
NORMAL 5 4160 3200 5 0 
NORMAL 5 4160 3136 5 0 
NORMAL 5 4160 3072 5 0 
NORMAL 5 4096 3712 3 0 
NORMAL 5 4096 3648 3 0 
NORMAL 5 4096 3776 3 0 
NORMAL 5 4096 3520 3 0 
NORMAL 5 4096 3392 3 0 
NORMAL 5 4096 3584 3 0 
NORMAL 5 4096 3328 3 0 
NORMAL 5 4096 3264 3 0 
NORMAL 5 4096 3200 3 0 
NORMAL 5 4096 3136 3 0 
NORMAL 5 4096 3456 3 0 
NORMAL 5 4096 3072 3 0 
NORMAL 5 5056 3264 1 0 
NORMAL 5 4992 3264 1 0 
NORMAL 5 4928 3264 1 0 
NORMAL 5 4864 3264 1 0 
NORMAL 5 4800 3264 1 0 
NORMAL 5 4672 3264 1 0 
NORMAL 5 4608 3264 1 0 
NORMAL 5 4736 3264 1 0 
NORMAL 5 4544 3264 1 0 
NORMAL 5 4480 3264 1 0 
NORMAL 5 4416 3264 1 0 
NORMAL 5 4352 3264 0 0 
NORMAL 5 4224 3520 1 0 
NORMAL 5 4288 3520 1 0 
NORMAL 5 4352 3520 1 0 
NORMAL 5 4416 3520 1 0 
NORMAL 5 4480 3520 1 0 
NORMAL 5 4544 3520 2 0 
NORMAL 5 4736 3520 0 0 
NORMAL 5 4800 3520 1 0 
NORMAL 5 4864 3520 1 0 
NORMAL 5 4928 3520 1 0 
NORMAL 5 4992 3520 1 0 
NORMAL 5 4928 3776 2 0 
NORMAL 5 4864 3776 1 0 
NORMAL 5 4800 3776 1 0 
NORMAL 5 4736 3776 1 0 
NORMAL 5 4672 3776 1 0 
NORMAL 5 4608 3776 1 0 
NORMAL 5 4544 3776 1 0 
NORMAL 5 4480 3776 1 0 
NORMAL 5 4416 3776 1 0 
NORMAL 5 4352 3776 0 0 
NORMAL 5 4928 3072 5 0 
NORMAL 5 4928 3136 5 0 
NORMAL 5 4864 3072 3 0 
NORMAL 5 4864 3136 3 0 
NORMAL 5 4352 3200 6 0 
NORMAL 5 4416 3200 7 0 
NORMAL 5 4480 3200 7 0 
NORMAL 5 4544 3200 7 0 
NORMAL 5 4608 3200 7 0 
NORMAL 5 4800 3200 7 0 
NORMAL 5 4736 3200 7 0 
NORMAL 5 4672 3200 7 0 
NORMAL 5 4992 3200 7 0 
NORMAL 5 5056 3200 7 0 
NORMAL 5 4928 3200 5 0 
NORMAL 5 4864 3200 3 0 
NORMAL 5 4544 3456 8 0 
NORMAL 5 4800 3456 7 0 
NORMAL 5 4864 3456 7 0 
NORMAL 5 4928 3456 7 0 
NORMAL 5 4992 3456 7 0 
NORMAL 5 4480 3456 7 0 
NORMAL 5 4416 3456 7 0 
NORMAL 5 4352 3456 7 0 
NORMAL 5 4288 3456 7 0 
NORMAL 5 4224 3456 7 0 
NORMAL 5 4736 3456 6 0 
NORMAL 5 5056 3520 1 0 
NORMAL 5 5056 3456 7 0 
NORMAL 5 4352 3712 6 0 
NORMAL 5 4416 3712 7 0 
NORMAL 5 4480 3712 7 0 
NORMAL 5 4544 3712 7 0 
NORMAL 5 4608 3712 7 0 
NORMAL 5 4672 3712 7 0 
NORMAL 5 4736 3712 7 0 
NORMAL 5 4800 3712 7 0 
NORMAL 5 4864 3712 7 0 
NORMAL 5 4928 3712 8 0 
NORMAL 5 5056 4032 1 0 
NORMAL 5 4992 4032 1 0 
NORMAL 5 4928 4032 1 0 
NORMAL 5 4864 4032 1 0 
NORMAL 5 4224 4032 1 0 
NORMAL 5 4288 4032 1 0 
NORMAL 5 4352 4032 1 0 
NORMAL 5 4416 4032 1 0 
NORMAL 5 4480 4032 1 0 
NORMAL 5 4544 4032 2 0 
NORMAL 5 4736 4032 3 0 
NORMAL 5 4800 4032 5 0 
NORMAL 5 4736 3968 6 0 
NORMAL 5 4800 3968 7 0 
NORMAL 5 4864 3968 7 0 
NORMAL 5 4928 3968 7 0 
NORMAL 5 4992 3968 7 0 
NORMAL 5 5056 3968 7 0 
NORMAL 5 4224 3968 7 0 
NORMAL 5 4288 3968 7 0 
NORMAL 5 4352 3968 7 0 
NORMAL 5 4416 3968 7 0 
NORMAL 5 4480 3968 7 0 
NORMAL 5 4544 3968 8 0 
RED 14 4544 3648 
RED 14 4544 3584 
RED 14 4608 3968 
RED 14 4672 3968 
BLUE 15 4736 3648 
BLUE 15 4736 3584 
BLUE 15 4672 3520 
BLUE 15 4608 3520 
BUTTON 13 4352 3584 
PINNY 18 4800 3584 4992 3584 
PINNY 18 4480 3584 4288 3584 
