4 4

NORMAL 5 4096 4928 3 0 
NORMAL 5 4096 4992 3 0 
NORMAL 5 4096 5056 3 0 
NORMAL 5 4160 5056 5 0 
NORMAL 5 4160 4928 5 0 
NORMAL 5 4160 4864 5 0 
NORMAL 5 4160 4800 5 0 
NORMAL 5 4160 4736 5 0 
NORMAL 5 4160 4992 5 0 
NORMAL 5 4096 4864 3 0 
NORMAL 5 4096 4800 3 0 
NORMAL 5 4096 4736 3 0 
NORMAL 5 4096 4672 3 0 
NORMAL 5 4096 4608 3 0 
NORMAL 5 4096 4544 3 0 
NORMAL 5 4096 4416 3 0 
NORMAL 5 4096 4352 3 0 
NORMAL 5 4096 4288 3 0 
NORMAL 5 4096 4224 3 0 
NORMAL 5 4096 4096 3 0 
NORMAL 5 4096 4160 3 0 
NORMAL 5 4096 4480 3 0 
NORMAL 5 4160 4096 5 0 
NORMAL 5 4160 4160 5 0 
NORMAL 5 4160 4224 5 0 
NORMAL 5 4160 4288 5 0 
NORMAL 5 4160 4416 5 0 
NORMAL 5 4160 4352 5 0 
NORMAL 5 4160 4480 5 0 
NORMAL 5 4160 4544 5 0 
NORMAL 5 4160 4672 5 0 
NORMAL 5 4160 4608 5 0 
NORMAL 5 4352 4224 6 0 
NORMAL 5 4416 4224 7 0 
NORMAL 5 4480 4224 7 0 
NORMAL 5 4544 4224 7 0 
NORMAL 5 4608 4224 7 0 
NORMAL 5 4672 4224 7 0 
NORMAL 5 4800 4096 5 0 
NORMAL 5 4800 4160 5 0 
NORMAL 5 4800 4224 5 0 
NORMAL 5 4736 4224 3 0 
NORMAL 5 4736 4160 3 0 
NORMAL 5 4736 4096 3 0 
NORMAL 5 4800 4288 2 0 
NORMAL 5 4736 4288 1 0 
NORMAL 5 4672 4288 1 0 
NORMAL 5 4608 4288 1 0 
NORMAL 5 4544 4288 1 0 
NORMAL 5 4480 4288 1 0 
NORMAL 5 4416 4288 1 0 
NORMAL 5 4352 4288 0 0 
NORMAL 5 4992 4224 6 0 
NORMAL 5 5056 4224 7 0 
NORMAL 5 4992 4288 3 0 
NORMAL 5 4992 4352 3 0 
NORMAL 5 4992 4416 3 0 
NORMAL 5 5056 4288 5 0 
NORMAL 5 5056 4352 5 0 
NORMAL 5 5056 4416 5 0 
NORMAL 5 4992 4480 3 0 
NORMAL 5 5056 4480 5 0 
NORMAL 5 4928 4480 7 0 
NORMAL 5 4864 4480 7 0 
NORMAL 5 4800 4480 7 0 
NORMAL 5 4736 4480 7 0 
NORMAL 5 4672 4480 7 0 
NORMAL 5 4608 4480 7 0 
NORMAL 5 4544 4480 7 0 
NORMAL 5 4480 4480 7 0 
NORMAL 5 4416 4480 7 0 
NORMAL 5 4352 4480 7 0 
NORMAL 5 4288 4480 7 0 
NORMAL 5 4224 4480 7 0 
NORMAL 5 4224 4544 1 0 
NORMAL 5 4288 4544 1 0 
NORMAL 5 4352 4544 1 0 
NORMAL 5 4416 4544 1 0 
NORMAL 5 4480 4544 1 0 
NORMAL 5 4544 4544 1 0 
NORMAL 5 4608 4544 1 0 
NORMAL 5 4736 4544 1 0 
NORMAL 5 4800 4544 1 0 
NORMAL 5 4672 4544 1 0 
NORMAL 5 4864 4544 1 0 
NORMAL 5 4928 4544 1 0 
NORMAL 5 5056 4544 1 0 
NORMAL 5 4992 4544 1 0 
ONOFF 7 4864 4288 4864 4096 
ONOFF 7 4928 4288 4928 4096 
NORMAL 5 4224 5056 1 0 
NORMAL 5 4288 5056 1 0 
NORMAL 5 4352 5056 1 0 
NORMAL 5 4416 5056 1 0 
NORMAL 5 4480 5056 1 0 
NORMAL 5 4544 5056 1 0 
NORMAL 5 4608 5056 1 0 
NORMAL 5 4672 5056 1 0 
