5 6

NORMAL 5 6208 5120 5 0 
NORMAL 5 6208 5248 5 0 
NORMAL 5 6208 5376 5 0 
NORMAL 5 6208 5312 5 0 
NORMAL 5 6208 5184 5 0 
NORMAL 5 6208 5440 5 0 
NORMAL 5 6208 5504 5 0 
NORMAL 5 6208 5696 5 0 
NORMAL 5 6208 5760 5 0 
NORMAL 5 6208 5632 5 0 
NORMAL 5 6208 5824 5 0 
NORMAL 5 6208 5888 5 0 
NORMAL 5 6208 5952 5 0 
NORMAL 5 6208 6080 5 0 
NORMAL 5 6208 6016 5 0 
NORMAL 5 6208 5568 5 0 
NORMAL 5 6144 5120 3 0 
NORMAL 5 6144 5248 3 0 
NORMAL 5 6144 5312 3 0 
NORMAL 5 6144 5184 3 0 
NORMAL 5 6144 5376 3 0 
NORMAL 5 6144 5504 3 0 
NORMAL 5 6144 5568 3 0 
NORMAL 5 6144 5632 3 0 
NORMAL 5 6144 5440 3 0 
NORMAL 5 6144 5696 3 0 
NORMAL 5 6144 5760 3 0 
NORMAL 5 6144 5888 3 0 
NORMAL 5 6144 5952 3 0 
NORMAL 5 6144 5824 3 0 
NORMAL 5 6144 6016 3 0 
NORMAL 5 6144 6080 3 0 
