1 2

RED 14 2048 1280 
RED 14 2112 1280 
RED 14 2176 1280 
RED 14 2240 1280 
RED 14 2368 1280 
RED 14 2432 1280 
RED 14 2304 1280 
RED 14 2496 1280 
RED 14 2560 1280 
NORMAL 5 2880 1280 0 0 
NORMAL 5 2944 1280 1 0 
NORMAL 5 3008 1344 3 0 
NORMAL 5 3008 1408 3 0 
NORMAL 5 3008 1472 3 0 
NORMAL 5 3008 1536 3 0 
NORMAL 5 3008 1600 3 0 
NORMAL 5 3008 1664 3 0 
NORMAL 5 3008 1728 3 0 
NORMAL 5 2944 1792 7 0 
NORMAL 5 2880 1792 7 0 
NORMAL 5 2816 1792 6 0 
NORMAL 5 2752 1856 6 0 
NORMAL 5 2752 1920 0 0 
NORMAL 5 2816 1920 2 0 
NORMAL 5 2816 1856 4 0 
NORMAL 5 2880 1856 1 0 
NORMAL 5 2944 1856 1 0 
NORMAL 5 3008 1856 1 0 
NORMAL 5 3008 1792 4 0 
NORMAL 5 3008 1280 4 0 
NORMAL 5 2880 1216 6 0 
NORMAL 5 2944 1216 7 0 
NORMAL 5 3008 1216 7 0 
