WIND 16 1917 1282 1214 1473 
WATER 17 9708 446 10083 355 
WIND 16 5235 1342 4991 1534 
WIND 16 4988 1474 4674 1663 
WIND 16 4606 1602 4354 1779 
WIND 16 4354 1779 4354 1779 
WIND 16 4288 1476 3968 1663 
WIND 16 3967 1344 3712 1536 
WATER 17 6581 1592 6737 1518 
WIND 16 4987 2053 3648 2369 
WATER 17 2865 1969 3409 1916 
WATER 17 9715 2750 9871 2680 
WATER 17 8312 3062 8464 3002 
WATER 17 9083 3391 9285 3322 
WIND 16 8379 3643 9537 3395 
WATER 17 4964 3120 5135 3060 
WATER 17 2562 3512 2685 3139 
WATER 17 2802 3516 2958 3447 
WIND 16 4860 3016 3077 3414 
WIND 16 3077 3833 4860 3406 
WATER 17 9836 4204 10068 4148 
