0 8

SPIKE 12 8192 64 
SPIKE 12 8256 64 
SPIKE 12 8320 64 
SPIKE 12 8384 64 
SPIKE 12 8448 64 
SPIKE 12 8512 64 
SPIKE 12 8576 64 
SPIKE 12 8640 64 
SPIKE 12 8768 64 
SPIKE 12 8704 64 
SPIKE 12 8896 64 
SPIKE 12 8832 64 
SPIKE 12 9024 64 
SPIKE 12 8960 64 
SPIKE 12 9088 64 
SPIKE 12 9152 64 
BLUE 15 9152 128 
BLUE 15 9088 128 
BLUE 15 8960 128 
BLUE 15 9024 128 
BLUE 15 8832 128 
BLUE 15 8896 128 
BLUE 15 8768 128 
BLUE 15 8704 128 
BLUE 15 8640 128 
BLUE 15 8576 128 
BLUE 15 8448 128 
BLUE 15 8512 128 
BLUE 15 8384 128 
BLUE 15 8192 128 
BLUE 15 8256 128 
BLUE 15 8320 128 
RED 14 8192 192 
RED 14 8256 192 
RED 14 8512 192 
RED 14 8576 192 
RED 14 8640 192 
RED 14 8896 192 
RED 14 8960 192 
RED 14 9024 192 
BLUE 15 8896 320 
BLUE 15 8896 256 
BLUE 15 9024 320 
BLUE 15 9024 256 
BLUE 15 9024 384 
BLUE 15 9024 448 
BLUE 15 8896 448 
BLUE 15 8896 384 
BLUE 15 8832 512 
BLUE 15 8896 512 
BLUE 15 8960 512 
BLUE 15 9088 512 
BLUE 15 9024 512 
BLUE 15 8256 256 
BLUE 15 8256 320 
BLUE 15 8256 384 
BLUE 15 8256 448 
BLUE 15 8256 512 
BLUE 15 8192 576 
BLUE 15 8256 576 
BLUE 15 8320 576 
CANDY 22 8640 704 
