1 6

NORMAL 5 6208 1024 5 0 
NORMAL 5 6208 1088 5 0 
NORMAL 5 6208 1152 5 0 
NORMAL 5 6208 1216 5 0 
NORMAL 5 6208 1280 5 0 
NORMAL 5 6208 1344 5 0 
NORMAL 5 6208 1408 5 0 
NORMAL 5 6208 1472 5 0 
NORMAL 5 6208 1600 5 0 
NORMAL 5 6208 1664 5 0 
NORMAL 5 6208 1792 5 0 
NORMAL 5 6208 1920 5 0 
NORMAL 5 6208 1856 5 0 
NORMAL 5 6208 1984 5 0 
NORMAL 5 6208 1728 5 0 
NORMAL 5 6208 1536 5 0 
NORMAL 5 6144 1984 3 0 
NORMAL 5 6144 1920 3 0 
NORMAL 5 6144 1792 3 0 
NORMAL 5 6144 1728 3 0 
NORMAL 5 6144 1664 3 0 
NORMAL 5 6144 1856 3 0 
NORMAL 5 6144 1536 3 0 
NORMAL 5 6144 1344 3 0 
NORMAL 5 6144 1600 3 0 
NORMAL 5 6144 1472 3 0 
NORMAL 5 6144 1408 3 0 
NORMAL 5 6144 1216 3 0 
NORMAL 5 6144 1152 3 0 
NORMAL 5 6144 1280 3 0 
NORMAL 5 6144 1088 3 0 
NORMAL 5 6144 1024 3 0 
