2 2

NORMAL 5 2304 2048 0 0 
NORMAL 5 2368 2048 1 0 
NORMAL 5 2496 2048 1 0 
NORMAL 5 2432 2048 1 0 
NORMAL 5 2560 2048 1 0 
NORMAL 5 2624 2048 1 0 
NORMAL 5 2752 2048 1 0 
NORMAL 5 2688 2048 1 0 
NORMAL 5 2816 2048 1 0 
NORMAL 5 2880 2048 1 0 
NORMAL 5 2944 2048 1 0 
NORMAL 5 3008 2048 1 0 
NORMAL 5 2112 2048 5 0 
NORMAL 5 2112 2112 5 0 
NORMAL 5 2112 2176 5 0 
NORMAL 5 2112 2240 5 0 
NORMAL 5 2112 2304 5 0 
NORMAL 5 2112 2368 5 0 
NORMAL 5 2112 2432 5 0 
NORMAL 5 2112 2496 5 0 
NORMAL 5 2112 2560 5 0 
NORMAL 5 2112 2624 5 0 
NORMAL 5 2112 2688 5 0 
NORMAL 5 2112 2752 5 0 
NORMAL 5 2112 2816 5 0 
NORMAL 5 2112 2880 5 0 
NORMAL 5 2112 2944 5 0 
NORMAL 5 2432 3008 2 0 
NORMAL 5 2368 3008 1 0 
NORMAL 5 2304 3008 1 0 
NORMAL 5 2240 3008 1 0 
NORMAL 5 2176 3008 1 0 
NORMAL 5 2112 3008 1 0 
NORMAL 5 2048 3008 1 0 
NORMAL 5 2048 2944 7 0 
NORMAL 5 2048 2816 3 0 
NORMAL 5 2048 2880 3 0 
NORMAL 5 2048 2752 3 0 
NORMAL 5 2048 2688 3 0 
NORMAL 5 2048 2624 3 0 
NORMAL 5 2048 2560 3 0 
NORMAL 5 2048 2432 3 0 
NORMAL 5 2048 2496 3 0 
NORMAL 5 2048 2368 3 0 
NORMAL 5 2048 2240 3 0 
NORMAL 5 2048 2304 3 0 
NORMAL 5 2048 2048 3 0 
NORMAL 5 2048 2176 3 0 
NORMAL 5 2048 2112 3 0 
NORMAL 5 2752 3008 0 0 
NORMAL 5 2816 3008 1 0 
NORMAL 5 2944 3008 1 0 
NORMAL 5 2880 3008 1 0 
NORMAL 5 3008 3008 1 0 
NORMAL 5 3008 2944 3 0 
NORMAL 5 2176 2880 1 0 
NORMAL 5 2240 2880 1 0 
NORMAL 5 2304 2880 1 0 
NORMAL 5 2368 2880 1 0 
NORMAL 5 2432 2880 2 0 
NORMAL 5 2432 2816 5 0 
NORMAL 5 2176 2752 7 0 
NORMAL 5 2240 2752 7 0 
NORMAL 5 2304 2752 7 0 
NORMAL 5 2368 2752 7 0 
NORMAL 5 2432 2752 8 0 
NORMAL 5 3008 2496 7 0 
NORMAL 5 2944 2496 7 0 
NORMAL 5 2880 2496 7 0 
NORMAL 5 2816 2496 7 0 
NORMAL 5 2752 2496 6 0 
NORMAL 5 2752 2560 3 0 
NORMAL 5 2752 2624 0 0 
NORMAL 5 2816 2624 1 0 
NORMAL 5 2880 2624 1 0 
NORMAL 5 2944 2624 1 0 
NORMAL 5 3008 2624 1 0 
NORMAL 5 2176 2432 1 0 
NORMAL 5 2240 2432 1 0 
NORMAL 5 2304 2432 1 0 
NORMAL 5 2368 2432 1 0 
NORMAL 5 2432 2432 2 0 
NORMAL 5 2432 2368 5 0 
NORMAL 5 2432 2304 8 0 
NORMAL 5 2368 2304 7 0 
NORMAL 5 2304 2304 7 0 
NORMAL 5 2240 2304 7 0 
NORMAL 5 2176 2304 7 0 
PINNY 18 2368 2368 2176 2368 
PINNY 18 2368 2816 2176 2816 
PINNY 18 3008 2560 2816 2560 
CLOUDY 19 2560 2816 2880 2816 
ONOFF 7 2496 2112 2496 3008 
ONOFF 7 2560 2112 2560 3008 
ONOFF 7 2624 2112 2624 3008 
ONOFF 7 2688 2112 2688 3008 
