1 7

NORMAL 5 7168 1792 1 0 
NORMAL 5 7232 1792 1 0 
NORMAL 5 7296 1792 1 0 
NORMAL 5 7360 1792 2 0 
NORMAL 5 7360 1728 5 0 
NORMAL 5 7296 1664 8 0 
NORMAL 5 7232 1664 7 0 
NORMAL 5 7168 1664 7 0 
NORMAL 5 7168 1728 4 0 
NORMAL 5 7296 1728 4 0 
NORMAL 5 7232 1728 4 0 
NORMAL 5 7168 1408 8 0 
NORMAL 5 7232 1472 2 0 
NORMAL 5 7168 1472 1 0 
BLUE 15 7424 1728 
BLUE 15 7360 1664 
BLUE 15 7424 1664 
BLUE 15 7488 1664 
BLUE 15 7552 1664 
BLUE 15 7616 1664 
BLUE 15 7680 1664 
BLUE 15 7744 1664 
BLUE 15 7808 1664 
BLUE 15 7872 1664 
BLUE 15 7936 1664 
BLUE 15 8000 1664 
BLUE 15 8000 1728 
BLUE 15 8064 1664 
NORMAL 5 7680 1472 0 0 
NORMAL 5 7744 1472 1 0 
NORMAL 5 7808 1472 1 0 
NORMAL 5 7872 1472 1 0 
NORMAL 5 7936 1472 2 0 
NORMAL 5 7744 1408 6 0 
NORMAL 5 7808 1408 7 0 
NORMAL 5 7872 1408 8 0 
CANDY 22 7424 1600 
NORMAL 5 8064 1792 0 0 
NORMAL 5 8128 1792 1 0 
NORMAL 5 8128 1728 4 0 
NORMAL 5 8128 1664 6 0 
NORMAL 5 8064 1728 6 0 
RED 14 7872 1792 
RED 14 7808 1792 
RED 14 7552 1792 
RED 14 7616 1792 
CLOUDY 19 7872 1984 7872 1728 
CLOUDY 19 7552 1984 7552 1728 
