2 9

NORMAL 5 9216 2688 0 0 
NORMAL 5 9280 2688 1 0 
NORMAL 5 9344 2688 1 0 
NORMAL 5 9408 2688 2 0 
NORMAL 5 9216 2624 6 0 
NORMAL 5 9344 2624 7 0 
NORMAL 5 9408 2624 8 0 
NORMAL 5 9280 2624 7 0 
NORMAL 5 9536 2688 1 0 
NORMAL 5 9856 2688 2 0 
NORMAL 5 9664 2688 0 0 
NORMAL 5 9664 2624 6 0 
NORMAL 5 9728 2624 7 0 
NORMAL 5 9792 2624 7 0 
NORMAL 5 9856 2624 8 0 
SPIKE 12 9216 2880 
SPIKE 12 9280 2880 
SPIKE 12 9344 2880 
SPIKE 12 9408 2880 
SPIKE 12 9472 2880 
SPIKE 12 9536 2880 
SPIKE 12 9600 2880 
SPIKE 12 9664 2880 
NORMAL 5 9216 2944 7 0 
NORMAL 5 9280 2944 7 0 
NORMAL 5 9344 2944 7 0 
NORMAL 5 9472 2944 7 0 
NORMAL 5 9408 2944 7 0 
NORMAL 5 9536 2944 7 0 
NORMAL 5 9600 2944 7 0 
NORMAL 5 9664 2944 7 0 
NORMAL 5 9728 2944 7 0 
NORMAL 5 9792 2944 7 0 
NORMAL 5 9856 2944 7 0 
NORMAL 5 9920 2944 7 0 
NORMAL 5 9984 2944 7 0 
NORMAL 5 10048 2944 7 0 
NORMAL 5 10112 2944 8 0 
NORMAL 5 10112 3008 5 0 
NORMAL 5 9216 3008 1 0 
NORMAL 5 9280 3008 1 0 
NORMAL 5 9472 3008 1 0 
NORMAL 5 9536 3008 1 0 
NORMAL 5 9600 3008 1 0 
NORMAL 5 9664 3008 1 0 
NORMAL 5 9344 3008 4 0 
NORMAL 5 9408 3008 4 0 
NORMAL 5 9728 3008 4 0 
NORMAL 5 9792 3008 4 0 
NORMAL 5 9856 3008 4 0 
NORMAL 5 10048 3008 4 0 
NORMAL 5 9984 3008 4 0 
NORMAL 5 9920 3008 4 0 
