3 3

BLUE 15 3136 3072 
BLUE 15 3072 3072 
RED 14 3840 3072 
RED 14 3904 3072 
RED 14 3648 3072 
RED 14 3584 3072 
RED 14 3392 3072 
RED 14 3328 3072 
SPIKE 12 3072 3392 
SPIKE 12 3200 3392 
SPIKE 12 3264 3392 
SPIKE 12 3328 3392 
SPIKE 12 3136 3392 
SPIKE 12 3392 3392 
SPIKE 12 3456 3392 
SPIKE 12 3520 3392 
SPIKE 12 3648 3392 
SPIKE 12 3712 3392 
SPIKE 12 3776 3392 
SPIKE 12 3584 3392 
SPIKE 12 3840 3392 
SPIKE 12 3968 3392 
SPIKE 12 3904 3392 
SPIKE 12 4032 3392 
BUTTON 13 3200 3200 
BUTTON 13 3968 3200 
RED 14 3328 3456 
RED 14 3392 3456 
RED 14 3584 3520 
RED 14 3584 3456 
RED 14 3648 3456 
RED 14 3648 3520 
BLUE 15 3904 3456 
BLUE 15 3840 3456 
BLUE 15 3136 3520 
BLUE 15 3136 3456 
BLUE 15 3072 3456 
BLUE 15 3072 3520 
BUTTON 13 3776 3648 
BUTTON 13 3264 3648 
