3 4

NORMAL 5 4864 3072 0 0 
NORMAL 5 4928 3072 2 0 
BLUE 15 4672 3072 
BLUE 15 4608 3072 
BLUE 15 4160 3072 
BLUE 15 4096 3072 
BLUE 15 4352 3072 
BLUE 15 4416 3072 
SPIKE 12 4224 3392 
SPIKE 12 4096 3392 
SPIKE 12 4288 3392 
SPIKE 12 4352 3392 
SPIKE 12 4416 3392 
SPIKE 12 4160 3392 
RED 14 4352 3456 
RED 14 4416 3456 
RED 14 4608 3520 
RED 14 4608 3456 
RED 14 4672 3520 
RED 14 4672 3456 
BLUE 15 4160 3456 
BLUE 15 4160 3520 
BLUE 15 4096 3520 
BLUE 15 4096 3456 
BUTTON 13 4288 3648 
SPIKE 12 4480 3392 
SPIKE 12 4544 3392 
SPIKE 12 4672 3392 
SPIKE 12 4608 3392 
SPIKE 12 4800 3392 
SPIKE 12 4736 3392 
NORMAL 5 4864 3456 0 0 
NORMAL 5 4928 3520 0 0 
NORMAL 5 4992 3520 1 0 
NORMAL 5 5056 3520 2 0 
NORMAL 5 4928 3456 4 0 
NORMAL 5 4992 3456 4 0 
NORMAL 5 5056 3456 4 0 
NORMAL 5 4864 3392 6 0 
NORMAL 5 4992 3392 7 0 
NORMAL 5 4928 3392 7 0 
NORMAL 5 5056 3392 7 0 
PLANT 10 4992 3584 4992 4032 
LEAF 27 4928 3584 
LEAF 27 5056 3712 
LEAF 27 4928 3840 
LEAF 27 5056 3968 
STEM 26 4992 3584 
STEM 26 4992 3648 
STEM 26 4992 3712 
STEM 26 4992 3776 
STEM 26 4992 3840 
STEM 26 4992 3904 
STEM 26 4992 3968 
STEM 26 4992 4032 
