3 5

NORMAL 5 5248 3072 2 0 
NORMAL 5 5184 3072 1 0 
NORMAL 5 5504 3072 6 0 
NORMAL 5 5568 3072 7 0 
NORMAL 5 5632 3072 7 0 
NORMAL 5 5696 3072 7 0 
NORMAL 5 5760 3072 7 0 
NORMAL 5 5824 3072 8 0 
NORMAL 5 5888 3136 7 0 
NORMAL 5 5952 3136 8 0 
NORMAL 5 6016 3200 8 0 
NORMAL 5 6080 3264 7 0 
NORMAL 5 6080 3328 1 0 
NORMAL 5 6016 3328 1 0 
NORMAL 5 5952 3328 0 0 
NORMAL 5 5888 3264 0 0 
NORMAL 5 5824 3200 1 0 
NORMAL 5 5760 3200 1 0 
NORMAL 5 5696 3200 1 0 
NORMAL 5 5632 3200 1 0 
NORMAL 5 5568 3200 1 0 
NORMAL 5 5504 3200 1 0 
NORMAL 5 5440 3200 0 0 
NORMAL 5 5440 3136 6 0 
NORMAL 5 5504 3136 4 0 
NORMAL 5 5568 3136 4 0 
NORMAL 5 5632 3136 4 0 
NORMAL 5 5696 3136 4 0 
NORMAL 5 5760 3136 4 0 
NORMAL 5 5824 3136 4 0 
NORMAL 5 5952 3200 4 0 
NORMAL 5 5952 3264 4 0 
NORMAL 5 5888 3200 4 0 
NORMAL 5 6016 3264 4 0 
NORMAL 5 5120 3072 0 0 
NORMAL 5 5120 3456 2 0 
NORMAL 5 5120 3392 8 0 
NORMAL 5 5120 3904 0 0 
NORMAL 5 5184 3904 1 0 
NORMAL 5 5248 3904 1 0 
NORMAL 5 5184 3840 5 0 
NORMAL 5 5120 3840 6 0 
NORMAL 5 5184 3776 6 0 
NORMAL 5 5312 3776 8 0 
NORMAL 5 5376 3840 8 0 
NORMAL 5 5248 3776 7 0 
NORMAL 5 5248 3840 4 0 
NORMAL 5 5312 3840 4 0 
NORMAL 5 5376 3904 2 0 
NORMAL 5 5312 3904 1 0 
NORMAL 5 5696 3904 0 0 
NORMAL 5 5760 3904 1 0 
NORMAL 5 5824 3904 1 0 
NORMAL 5 5888 3904 1 0 
NORMAL 5 5952 3904 2 0 
NORMAL 5 5760 3840 4 0 
NORMAL 5 5824 3840 4 0 
NORMAL 5 5888 3840 4 0 
NORMAL 5 5696 3840 6 0 
NORMAL 5 5760 3776 6 0 
NORMAL 5 5824 3776 7 0 
NORMAL 5 5888 3776 8 0 
NORMAL 5 5952 3840 8 0 
