3 9

NORMAL 5 10112 3072 2 0 
NORMAL 5 10048 3136 2 0 
NORMAL 5 9984 3200 5 0 
NORMAL 5 9984 3264 5 0 
NORMAL 5 9984 3328 5 0 
NORMAL 5 9856 3328 3 0 
NORMAL 5 9856 3264 3 0 
NORMAL 5 9856 3200 3 0 
NORMAL 5 9792 3136 0 0 
NORMAL 5 9728 3072 0 0 
NORMAL 5 9344 3072 0 0 
NORMAL 5 9408 3072 2 0 
NORMAL 5 9792 3072 4 0 
NORMAL 5 9856 3072 4 0 
NORMAL 5 9856 3136 4 0 
NORMAL 5 9920 3136 4 0 
NORMAL 5 9984 3136 4 0 
NORMAL 5 9920 3072 4 0 
NORMAL 5 10048 3072 4 0 
NORMAL 5 9984 3072 4 0 
NORMAL 5 9920 3200 4 0 
NORMAL 5 9920 3264 4 0 
NORMAL 5 9920 3328 4 0 
NORMAL 5 9984 3392 5 0 
NORMAL 5 9984 3456 5 0 
NORMAL 5 9984 3520 5 0 
NORMAL 5 9984 3584 5 0 
NORMAL 5 9856 3392 3 0 
NORMAL 5 9856 3456 3 0 
NORMAL 5 9856 3520 3 0 
NORMAL 5 9856 3584 3 0 
NORMAL 5 9856 3648 3 0 
NORMAL 5 9856 3712 3 0 
NORMAL 5 9856 3776 3 0 
NORMAL 5 9856 3840 3 0 
NORMAL 5 9984 3648 5 0 
NORMAL 5 9984 3712 5 0 
NORMAL 5 9984 3776 5 0 
NORMAL 5 9984 3840 5 0 
NORMAL 5 9920 3840 4 0 
NORMAL 5 9920 3712 4 0 
NORMAL 5 9920 3392 4 0 
NORMAL 5 9920 3584 4 0 
NORMAL 5 9920 3456 4 0 
NORMAL 5 9920 3648 4 0 
NORMAL 5 9920 3520 4 0 
NORMAL 5 9920 3776 4 0 
NORMAL 5 9856 3904 3 0 
NORMAL 5 9920 3904 4 0 
NORMAL 5 9984 3904 5 0 
NORMAL 5 9984 3968 5 0 
NORMAL 5 9856 3968 3 0 
NORMAL 5 9920 3968 4 0 
NORMAL 5 9792 4032 6 0 
NORMAL 5 10048 4032 8 0 
NORMAL 5 9856 4032 4 0 
NORMAL 5 9920 4032 4 0 
NORMAL 5 9984 4032 4 0 
RED 14 9536 3072 
RED 14 9536 3136 
RED 14 9536 3200 
NORMAL 5 9600 3264 2 0 
NORMAL 5 9536 3328 2 0 
NORMAL 5 9472 3328 1 0 
NORMAL 5 9408 3328 1 0 
NORMAL 5 9344 3328 1 0 
NORMAL 5 9536 3264 7 0 
NORMAL 5 9472 3264 7 0 
NORMAL 5 9408 3264 7 0 
NORMAL 5 9344 3264 7 0 
NORMAL 5 9280 3264 7 0 
NORMAL 5 9216 3264 7 0 
NORMAL 5 9280 3328 0 0 
NORMAL 5 9344 4032 6 0 
NORMAL 5 9408 4032 7 0 
NORMAL 5 9472 4032 8 0 
PLANT 10 9408 3136 9408 3968 
LEAF 27 9344 3136 
LEAF 27 9472 3264 
LEAF 27 9344 3392 
LEAF 27 9472 3520 
LEAF 27 9344 3648 
LEAF 27 9472 3776 
LEAF 27 9344 3904 
STEM 26 9408 3136 
STEM 26 9408 3200 
STEM 26 9408 3264 
STEM 26 9408 3328 
STEM 26 9408 3392 
STEM 26 9408 3456 
STEM 26 9408 3520 
STEM 26 9408 3584 
STEM 26 9408 3648 
STEM 26 9408 3712 
STEM 26 9408 3776 
STEM 26 9408 3840 
STEM 26 9408 3904 
STEM 26 9408 3968 
HELIUM 21 9536 3904 
