4 6

RED 14 6144 4160 
RED 14 6208 4160 
RED 14 6208 4224 
RED 14 6208 4288 
RED 14 6208 4352 
RED 14 6144 4352 
BLUE 15 6656 4160 
BLUE 15 6720 4160 
BLUE 15 6784 4160 
BLUE 15 6848 4160 
BLUE 15 6848 4224 
BLUE 15 6848 4288 
BLUE 15 6848 4352 
BLUE 15 6784 4352 
BLUE 15 6720 4352 
BLUE 15 6656 4352 
BLUE 15 6656 4288 
BLUE 15 6656 4224 
PLANT 10 7040 4096 7040 4992 
LEAF 27 6976 4096 
LEAF 27 7104 4224 
LEAF 27 6976 4352 
LEAF 27 7104 4480 
LEAF 27 6976 4608 
LEAF 27 7104 4736 
LEAF 27 6976 4864 
LEAF 27 7104 4992 
STEM 26 7040 4096 
STEM 26 7040 4160 
STEM 26 7040 4224 
STEM 26 7040 4288 
STEM 26 7040 4352 
STEM 26 7040 4416 
STEM 26 7040 4480 
STEM 26 7040 4544 
STEM 26 7040 4608 
STEM 26 7040 4672 
STEM 26 7040 4736 
STEM 26 7040 4800 
STEM 26 7040 4864 
STEM 26 7040 4928 
STEM 26 7040 4992 
NORMAL 5 6912 5056 6 0 
NORMAL 5 6976 5056 7 0 
NORMAL 5 7040 5056 7 0 
NORMAL 5 7104 5056 7 0 
NORMAL 5 6784 4800 2 0 
NORMAL 5 6720 4800 1 0 
NORMAL 5 6656 4864 2 0 
NORMAL 5 6592 4864 1 0 
NORMAL 5 6528 4864 0 0 
NORMAL 5 6464 4800 1 0 
NORMAL 5 6400 4800 0 0 
NORMAL 5 6528 4800 4 0 
NORMAL 5 6592 4800 4 0 
NORMAL 5 6656 4800 4 0 
NORMAL 5 6464 4736 4 0 
NORMAL 5 6592 4736 4 0 
NORMAL 5 6656 4736 4 0 
NORMAL 5 6720 4736 4 0 
NORMAL 5 6528 4736 4 0 
NORMAL 5 6400 4736 6 0 
NORMAL 5 6464 4672 6 0 
NORMAL 5 6528 4672 7 0 
NORMAL 5 6592 4672 7 0 
NORMAL 5 6656 4672 7 0 
NORMAL 5 6720 4672 8 0 
NORMAL 5 6784 4736 8 0 
HELIUM 21 6592 4928 
