1 2

NORMAL 5 3008 1984 7 0 
NORMAL 5 2944 1984 7 0 
NORMAL 5 2880 1984 7 0 
NORMAL 5 2816 1984 7 0 
NORMAL 5 2752 1984 7 0 
NORMAL 5 2688 1984 7 0 
NORMAL 5 2624 1984 7 0 
NORMAL 5 2560 1984 7 0 
NORMAL 5 2496 1984 7 0 
NORMAL 5 2432 1984 7 0 
NORMAL 5 2368 1984 7 0 
NORMAL 5 2304 1984 6 0 
NORMAL 5 2048 1024 3 0 
NORMAL 5 2048 1088 3 0 
NORMAL 5 2112 1024 5 0 
NORMAL 5 2112 1088 5 0 
NORMAL 5 2112 1152 5 0 
SPIKE 12 2944 1024 
SPIKE 12 2880 1024 
SPIKE 12 3008 1024 
SPIKE 12 2752 1024 
SPIKE 12 2688 1024 
SPIKE 12 2816 1024 
SPIKE 12 2432 1024 
SPIKE 12 2176 1024 
SPIKE 12 2368 1024 
SPIKE 12 2240 1024 
SPIKE 12 2304 1024 
SPIKE 12 2496 1024 
SPIKE 12 2560 1024 
SPIKE 12 2624 1024 
NORMAL 5 2112 1216 5 0 
NORMAL 5 2048 1216 3 0 
NORMAL 5 2048 1152 3 0 
NORMAL 5 2112 1280 2 0 
NORMAL 5 2048 1280 1 0 
NORMAL 5 2112 1536 8 0 
NORMAL 5 2048 1536 6 0 
NORMAL 5 2112 1600 5 0 
NORMAL 5 2112 1664 5 0 
NORMAL 5 2112 1728 5 0 
NORMAL 5 2112 1792 5 0 
NORMAL 5 2112 1856 5 0 
NORMAL 5 2112 1920 5 0 
NORMAL 5 2112 1984 5 0 
NORMAL 5 2048 1920 3 0 
NORMAL 5 2048 1664 3 0 
NORMAL 5 2048 1728 3 0 
NORMAL 5 2048 1792 3 0 
NORMAL 5 2048 1856 3 0 
NORMAL 5 2048 1984 3 0 
NORMAL 5 2048 1600 3 0 
NORMAL 5 2752 1088 2 0 
NORMAL 5 2688 1088 1 0 
NORMAL 5 2624 1088 0 0 
NORMAL 5 2240 1152 0 0 
NORMAL 5 2304 1152 1 0 
NORMAL 5 2368 1152 2 0 
NORMAL 5 2304 1088 3 0 
MOVING 6 2432 1664 2944 1664 
MOVING 6 2496 1664 3008 1664 
MOVING 6 3008 1664 3008 1152 
MOVING 6 2944 1664 2944 1152 
SPIKE 12 2560 1536 
SPIKE 12 2560 1472 
SPIKE 12 2752 1472 
SPIKE 12 2752 1536 
SPIKE 12 2624 1856 
SPIKE 12 2688 1856 
SPIKE 12 2688 1920 
SPIKE 12 2624 1920 
SPIKE 12 2240 1472 
SPIKE 12 2496 1088 
NORMAL 5 2304 1728 2 0 
NORMAL 5 2240 1728 1 0 
NORMAL 5 2176 1728 1 0 
NORMAL 5 2240 1664 5 0 
SPIKE 12 2560 1600 
SPIKE 12 2624 1600 
SPIKE 12 2688 1600 
SPIKE 12 2752 1600 
SPIKE 12 2560 1408 
SPIKE 12 2624 1408 
SPIKE 12 2752 1408 
SPIKE 12 2688 1408 
