1 5

NORMAL 5 5312 1216 5 0 
RED 14 5184 1280 
RED 14 5184 1216 
RED 14 5184 1152 
RED 14 5248 1216 
BLUE 15 5120 1216 
BLUE 15 5120 1280 
BLUE 15 5120 1152 
RED 14 5632 1088 
RED 14 5696 1088 
RED 14 5760 1088 
RED 14 5952 1280 
RED 14 6016 1280 
RED 14 6080 1280 
RED 14 5696 1472 
RED 14 5632 1472 
RED 14 5568 1472 
RED 14 5504 1472 
NORMAL 5 5248 1664 2 0 
NORMAL 5 5184 1664 1 0 
NORMAL 5 5120 1664 1 0 
NORMAL 5 5504 1856 0 0 
NORMAL 5 5568 1856 1 0 
NORMAL 5 5632 1856 1 0 
NORMAL 5 5696 1856 2 0 
CLOUDY 19 5376 2048 5376 1664 
CLOUDY 19 5824 1088 5824 1536 
NORMAL 5 5120 1088 3 0 
NORMAL 5 5120 1408 3 0 
NORMAL 5 5184 1408 5 0 
NORMAL 5 5248 1344 5 0 
NORMAL 5 5312 1280 5 0 
NORMAL 5 5248 1152 5 0 
NORMAL 5 5184 1088 5 0 
RED 14 5184 1344 
RED 14 5248 1280 
BLUE 15 5120 1344 
