2 4

NORMAL 5 4352 2048 2 0 
NORMAL 5 4288 2048 1 0 
NORMAL 5 4224 2048 1 0 
NORMAL 5 4160 2048 1 0 
NORMAL 5 4096 2048 1 0 
NORMAL 5 4096 2432 7 0 
NORMAL 5 4160 2432 7 0 
NORMAL 5 4096 2816 3 0 
NORMAL 5 4096 2880 3 0 
NORMAL 5 4096 2944 3 0 
NORMAL 5 4096 3008 3 0 
NORMAL 5 4160 3008 5 0 
NORMAL 5 4160 2944 5 0 
NORMAL 5 4160 2880 5 0 
NORMAL 5 4160 2816 5 0 
NORMAL 5 4096 2752 6 0 
NORMAL 5 4160 2752 8 0 
NORMAL 5 4096 2496 1 0 
NORMAL 5 4160 2496 1 0 
NORMAL 5 4224 2496 1 0 
NORMAL 5 4288 2496 1 0 
NORMAL 5 4416 2496 1 0 
NORMAL 5 4352 2496 1 0 
NORMAL 5 4480 2496 1 0 
NORMAL 5 4544 2496 1 0 
NORMAL 5 4608 2496 1 0 
NORMAL 5 4224 2432 7 0 
NORMAL 5 4288 2432 7 0 
NORMAL 5 4352 2432 7 0 
NORMAL 5 4416 2432 7 0 
NORMAL 5 4480 2432 7 0 
NORMAL 5 4608 2432 7 0 
NORMAL 5 4544 2432 7 0 
NORMAL 5 4672 2496 1 0 
NORMAL 5 4736 2496 1 0 
NORMAL 5 4864 2496 1 0 
NORMAL 5 4800 2496 1 0 
NORMAL 5 4928 2496 1 0 
NORMAL 5 4992 2496 1 0 
NORMAL 5 5056 2496 1 0 
NORMAL 5 5056 2432 7 0 
NORMAL 5 4992 2432 7 0 
NORMAL 5 4928 2432 7 0 
NORMAL 5 4864 2432 7 0 
NORMAL 5 4800 2432 7 0 
NORMAL 5 4736 2432 7 0 
NORMAL 5 4672 2432 7 0 
RED 14 4416 2048 
RED 14 4416 2176 
RED 14 4416 2240 
RED 14 4416 2304 
RED 14 4416 2112 
RED 14 4416 2368 
NORMAL 5 4352 2752 0 0 
NORMAL 5 4416 2752 2 0 
NORMAL 5 4672 2624 2 0 
NORMAL 5 4608 2624 0 0 
NORMAL 5 4928 2752 2 0 
NORMAL 5 4864 2752 0 0 
NORMAL 5 4224 3008 1 0 
NORMAL 5 4288 3008 1 0 
NORMAL 5 4352 3008 1 0 
NORMAL 5 4416 3008 1 0 
NORMAL 5 4480 3008 1 0 
NORMAL 5 4544 3008 1 0 
NORMAL 5 4608 3008 1 0 
NORMAL 5 4672 3008 2 0 
NORMAL 5 4672 2944 5 0 
NORMAL 5 4672 2880 5 0 
NORMAL 5 4672 2816 5 0 
NORMAL 5 4608 2816 3 0 
NORMAL 5 4608 2880 3 0 
NORMAL 5 4480 2944 7 0 
NORMAL 5 4544 2944 7 0 
NORMAL 5 4416 2944 7 0 
NORMAL 5 4352 2944 7 0 
NORMAL 5 4288 2944 7 0 
NORMAL 5 4224 2944 7 0 
NORMAL 5 4608 2944 3 0 
NORMAL 5 4608 2560 3 0 
NORMAL 5 4672 2560 5 0 
NORMAL 5 4416 2688 5 0 
NORMAL 5 4416 2624 5 0 
NORMAL 5 4416 2560 5 0 
NORMAL 5 4352 2688 3 0 
NORMAL 5 4352 2624 3 0 
NORMAL 5 4352 2560 3 0 
NORMAL 5 4864 2688 3 0 
NORMAL 5 4864 2624 3 0 
NORMAL 5 4864 2560 3 0 
NORMAL 5 4928 2560 5 0 
NORMAL 5 4928 2624 5 0 
NORMAL 5 4928 2688 5 0 
NORMAL 5 4864 2944 6 0 
NORMAL 5 4928 2944 8 0 
NORMAL 5 4928 3008 5 0 
NORMAL 5 4864 3008 3 0 
SPIKE 12 4480 2560 
SPIKE 12 4544 2560 
CLOUDY 19 5056 3072 5056 2688 
