2 6

NORMAL 5 6144 2048 3 0 
NORMAL 5 6144 2112 3 0 
NORMAL 5 6144 2240 3 0 
NORMAL 5 6144 2304 3 0 
NORMAL 5 6144 2368 3 0 
NORMAL 5 6144 2496 3 0 
NORMAL 5 6144 2176 3 0 
NORMAL 5 6144 2560 3 0 
NORMAL 5 6144 2624 3 0 
NORMAL 5 6144 2432 3 0 
NORMAL 5 6208 2048 5 0 
NORMAL 5 6208 2176 5 0 
NORMAL 5 6208 2240 5 0 
NORMAL 5 6208 2496 5 0 
NORMAL 5 6208 2560 5 0 
NORMAL 5 6208 2624 5 0 
NORMAL 5 6208 2368 5 0 
NORMAL 5 6208 2304 5 0 
NORMAL 5 6208 2112 5 0 
NORMAL 5 6208 2432 5 0 
NORMAL 5 6208 2752 5 0 
NORMAL 5 6208 2816 5 0 
NORMAL 5 6208 2944 5 0 
NORMAL 5 6208 3008 5 0 
NORMAL 5 6208 2880 5 0 
NORMAL 5 6208 2688 5 0 
NORMAL 5 6144 2688 3 0 
NORMAL 5 6144 2816 3 0 
NORMAL 5 6144 2880 3 0 
NORMAL 5 6144 2944 3 0 
NORMAL 5 6144 2752 3 0 
NORMAL 5 6144 3008 3 0 
