3 2

NORMAL 5 2048 3328 6 0 
NORMAL 5 2112 3328 8 0 
NORMAL 5 2112 3520 5 0 
NORMAL 5 2112 3776 5 0 
NORMAL 5 2112 3840 5 0 
NORMAL 5 2112 3904 5 0 
NORMAL 5 2112 3968 5 0 
NORMAL 5 2112 3712 5 0 
NORMAL 5 2112 3456 5 0 
NORMAL 5 2240 3392 1 0 
NORMAL 5 2304 3392 1 0 
NORMAL 5 2368 3392 1 0 
NORMAL 5 2432 3392 1 0 
NORMAL 5 2496 3392 1 0 
NORMAL 5 2560 3392 1 0 
NORMAL 5 2688 3392 2 0 
NORMAL 5 2624 3392 1 0 
RED 14 2816 3200 
RED 14 2880 3200 
RED 14 2944 3200 
RED 14 3008 3200 
BUTTON 13 2944 3072 
NORMAL 5 2112 3648 5 0 
NORMAL 5 2112 3584 5 0 
NORMAL 5 2688 3776 2 0 
NORMAL 5 2624 3776 1 0 
NORMAL 5 2560 3776 1 0 
NORMAL 5 2496 3776 1 0 
NORMAL 5 2496 3712 3 0 
NORMAL 5 2496 3648 3 0 
NORMAL 5 2560 3712 5 0 
NORMAL 5 2560 3648 5 0 
NORMAL 5 2496 3584 8 0 
NORMAL 5 2432 3584 7 0 
NORMAL 5 2368 3584 7 0 
NORMAL 5 2304 3584 7 0 
NORMAL 5 2240 3584 7 0 
NORMAL 5 2176 3584 7 0 
NORMAL 5 2176 3648 1 0 
NORMAL 5 2240 3648 1 0 
NORMAL 5 2304 3648 1 0 
NORMAL 5 2368 3648 1 0 
NORMAL 5 2432 3648 1 0 
BLUE 15 2816 3584 
BLUE 15 2880 3584 
BLUE 15 3008 3584 
BLUE 15 2944 3584 
BUTTON 13 2240 3456 
PINNY 18 2432 3456 2624 3456 
NORMAL 5 2048 3392 3 0 
NORMAL 5 2048 3456 3 0 
NORMAL 5 2048 3584 3 0 
NORMAL 5 2048 3520 3 0 
NORMAL 5 2048 3648 3 0 
NORMAL 5 2048 3712 3 0 
NORMAL 5 2048 3776 3 0 
NORMAL 5 2048 3840 3 0 
NORMAL 5 2048 3904 3 0 
NORMAL 5 2048 3968 3 0 
NORMAL 5 2112 4032 2 0 
NORMAL 5 2048 4032 0 0 
NORMAL 5 2560 4032 1 0 
NORMAL 5 2624 4032 1 0 
NORMAL 5 2688 4032 1 0 
NORMAL 5 2752 4032 1 0 
NORMAL 5 2816 4032 1 0 
NORMAL 5 2880 4032 1 0 
NORMAL 5 2944 4032 1 0 
NORMAL 5 2624 3968 7 0 
NORMAL 5 2560 3968 7 0 
NORMAL 5 2688 3968 7 0 
NORMAL 5 2752 3968 7 0 
NORMAL 5 2816 3968 7 0 
NORMAL 5 2880 3968 7 0 
NORMAL 5 2944 3968 7 0 
NORMAL 5 3008 3968 7 0 
RED 14 2176 3840 
RED 14 2240 3840 
BLUE 15 2368 4032 
BLUE 15 2304 4032 
BLUE 15 2240 4032 
BLUE 15 2176 4032 
NORMAL 5 2112 3392 5 0 
NORMAL 5 3008 4032 1 0 
NORMAL 5 2496 3968 6 0 
NORMAL 5 2496 4032 0 0 
BLUE 15 2432 4032 
RED 14 2432 3968 
RED 14 2304 3840 
RED 14 2368 3712 
