3 3

NORMAL 5 3136 3072 5 0 
NORMAL 5 3136 3136 5 0 
NORMAL 5 3136 3200 5 0 
NORMAL 5 3136 3264 5 0 
NORMAL 5 3136 3328 5 0 
NORMAL 5 3136 3392 5 0 
NORMAL 5 3136 3456 5 0 
NORMAL 5 3136 3520 5 0 
NORMAL 5 3136 3584 5 0 
NORMAL 5 3136 3648 5 0 
NORMAL 5 3136 3776 5 0 
NORMAL 5 3136 3712 5 0 
NORMAL 5 3136 3840 5 0 
NORMAL 5 3136 3904 5 0 
NORMAL 5 3136 3968 5 0 
NORMAL 5 3136 4032 5 0 
NORMAL 5 3072 3072 3 0 
NORMAL 5 3072 3136 3 0 
NORMAL 5 3072 3200 3 0 
NORMAL 5 3072 3264 3 0 
NORMAL 5 3072 3328 3 0 
NORMAL 5 3072 3392 3 0 
NORMAL 5 3072 3456 3 0 
NORMAL 5 3072 3520 3 0 
NORMAL 5 3072 3584 3 0 
NORMAL 5 3072 3648 3 0 
NORMAL 5 3072 3712 3 0 
NORMAL 5 3072 3776 3 0 
NORMAL 5 3072 3840 3 0 
NORMAL 5 3072 3904 3 0 
NORMAL 5 3072 3968 3 0 
NORMAL 5 3072 4032 3 0 
