4 6

NORMAL 5 6144 4096 3 0 
NORMAL 5 6144 4608 3 0 
NORMAL 5 6144 4672 3 0 
NORMAL 5 6144 4736 3 0 
NORMAL 5 6144 4864 3 0 
NORMAL 5 6144 4928 3 0 
NORMAL 5 6144 4800 3 0 
NORMAL 5 6144 4992 3 0 
NORMAL 5 6144 5056 3 0 
NORMAL 5 6208 5056 5 0 
NORMAL 5 6208 4992 5 0 
NORMAL 5 6208 4928 5 0 
NORMAL 5 6208 4864 5 0 
NORMAL 5 6208 4736 5 0 
NORMAL 5 6208 4672 5 0 
NORMAL 5 6208 4608 5 0 
NORMAL 5 6208 4096 5 0 
NORMAL 5 6208 4800 5 0 
NORMAL 5 6208 4544 7 0 
NORMAL 5 6144 4544 6 0 
NORMAL 5 6272 4544 7 0 
NORMAL 5 6336 4544 7 0 
NORMAL 5 6400 4544 7 0 
NORMAL 5 6464 4544 7 0 
NORMAL 5 6592 4544 7 0 
NORMAL 5 6656 4544 7 0 
NORMAL 5 6528 4544 7 0 
NORMAL 5 6720 4544 7 0 
NORMAL 5 6784 4544 7 0 
NORMAL 5 6976 4544 7 0 
NORMAL 5 6848 4544 7 0 
NORMAL 5 6912 4544 7 0 
NORMAL 5 7040 4544 7 0 
NORMAL 5 7104 4544 7 0 
NORMAL 5 6336 4096 7 0 
NORMAL 5 6272 4096 7 0 
NORMAL 5 6400 4096 7 0 
NORMAL 5 6528 4096 7 0 
NORMAL 5 6720 4096 7 0 
NORMAL 5 7040 4096 7 0 
NORMAL 5 6976 4096 7 0 
NORMAL 5 7104 4096 7 0 
NORMAL 5 6912 4096 7 0 
NORMAL 5 6848 4096 7 0 
NORMAL 5 6784 4096 7 0 
NORMAL 5 6656 4096 7 0 
NORMAL 5 6464 4096 7 0 
NORMAL 5 6592 4096 7 0 
NORMAL 5 6144 4160 0 0 
NORMAL 5 6272 4160 1 0 
NORMAL 5 6208 4160 1 0 
NORMAL 5 6336 4160 1 0 
NORMAL 5 6528 4160 1 0 
NORMAL 5 6464 4160 1 0 
NORMAL 5 6400 4160 1 0 
NORMAL 5 6656 4160 1 0 
NORMAL 5 6592 4160 1 0 
NORMAL 5 6720 4160 1 0 
NORMAL 5 6784 4160 1 0 
NORMAL 5 6976 4160 1 0 
NORMAL 5 6848 4160 1 0 
NORMAL 5 6912 4160 1 0 
NORMAL 5 7040 4160 1 0 
NORMAL 5 7104 4160 1 0 
NORMAL 5 6272 4608 1 0 
NORMAL 5 6336 4608 1 0 
NORMAL 5 6528 4608 1 0 
NORMAL 5 6400 4608 1 0 
NORMAL 5 6592 4608 1 0 
NORMAL 5 6784 4608 1 0 
NORMAL 5 6464 4608 1 0 
NORMAL 5 6656 4608 1 0 
NORMAL 5 6720 4608 1 0 
NORMAL 5 6848 4608 1 0 
NORMAL 5 7040 4608 1 0 
NORMAL 5 6912 4608 1 0 
NORMAL 5 6976 4608 1 0 
NORMAL 5 7104 4608 1 0 
PINNY 18 7232 4224 6592 4224 
1UP 23 6336 4288 
