4 9

NORMAL 5 9216 4160 1 0 
NORMAL 5 9280 4160 1 0 
NORMAL 5 9344 4160 1 0 
NORMAL 5 9472 4160 1 0 
NORMAL 5 9536 4160 1 0 
NORMAL 5 9664 4160 1 0 
NORMAL 5 9408 4160 1 0 
NORMAL 5 9600 4160 1 0 
NORMAL 5 9728 4160 1 0 
NORMAL 5 9856 4160 1 0 
NORMAL 5 9920 4160 1 0 
NORMAL 5 9792 4160 1 0 
NORMAL 5 9984 4160 1 0 
NORMAL 5 10048 4160 1 0 
NORMAL 5 10112 4160 1 0 
NORMAL 5 9216 4096 7 0 
NORMAL 5 9280 4096 7 0 
NORMAL 5 9344 4096 7 0 
NORMAL 5 9408 4096 7 0 
NORMAL 5 9472 4096 7 0 
NORMAL 5 9536 4096 7 0 
NORMAL 5 9600 4096 7 0 
NORMAL 5 9664 4096 7 0 
NORMAL 5 9728 4096 7 0 
NORMAL 5 9792 4096 7 0 
NORMAL 5 9856 4096 7 0 
NORMAL 5 9984 4096 7 0 
NORMAL 5 10112 4096 7 0 
NORMAL 5 10048 4096 7 0 
NORMAL 5 9920 4096 7 0 
NORMAL 5 10176 4096 3 0 
NORMAL 5 10176 4160 3 0 
NORMAL 5 10176 4224 3 0 
NORMAL 5 10176 4288 3 0 
NORMAL 5 10176 4352 3 0 
NORMAL 5 10176 4416 3 0 
NORMAL 5 10176 4480 3 0 
NORMAL 5 10176 4544 3 0 
NORMAL 5 10176 4608 3 0 
NORMAL 5 10176 4672 3 0 
NORMAL 5 10176 4800 3 0 
NORMAL 5 10176 4736 3 0 
NORMAL 5 10176 4864 3 0 
NORMAL 5 10176 4928 3 0 
NORMAL 5 10176 4992 3 0 
NORMAL 5 10176 5056 3 0 
NORMAL 5 9216 4608 1 0 
NORMAL 5 9280 4608 1 0 
NORMAL 5 9408 4608 1 0 
NORMAL 5 9344 4608 1 0 
NORMAL 5 9536 4608 1 0 
NORMAL 5 9472 4608 1 0 
NORMAL 5 9728 4608 2 0 
NORMAL 5 9664 4608 1 0 
NORMAL 5 9600 4608 1 0 
NORMAL 5 10112 4608 1 0 
NORMAL 5 10048 4608 0 0 
NORMAL 5 10048 4544 6 0 
NORMAL 5 10112 4544 7 0 
NORMAL 5 9728 4544 8 0 
NORMAL 5 9664 4544 7 0 
NORMAL 5 9600 4544 7 0 
NORMAL 5 9536 4544 7 0 
NORMAL 5 9472 4544 7 0 
NORMAL 5 9408 4544 7 0 
NORMAL 5 9344 4544 7 0 
NORMAL 5 9280 4544 7 0 
NORMAL 5 9216 4544 7 0 
HELIUM 21 9856 4288 
NORMAL 5 9600 4672 5 0 
NORMAL 5 9600 4736 5 0 
NORMAL 5 9600 4800 5 0 
NORMAL 5 9600 4864 5 0 
NORMAL 5 9600 4928 5 0 
NORMAL 5 9600 4992 5 0 
NORMAL 5 9600 5056 5 0 
NORMAL 5 9536 4672 3 0 
NORMAL 5 9536 4736 3 0 
NORMAL 5 9536 4800 3 0 
NORMAL 5 9536 4864 3 0 
NORMAL 5 9536 4928 3 0 
NORMAL 5 9536 5056 3 0 
NORMAL 5 9536 4992 3 0 
SPIKE 12 9472 4672 
SPIKE 12 9408 4672 
SPIKE 12 9472 4736 
SPIKE 12 9216 5056 
SPIKE 12 9216 4672 
1UP 23 9856 4416 
