1 1

NORMAL 5 1984 1280 1 0 
NORMAL 5 1920 1280 1 0 
NORMAL 5 1856 1280 1 0 
NORMAL 5 1792 1280 1 0 
NORMAL 5 1728 1280 1 0 
NORMAL 5 1664 1280 1 0 
NORMAL 5 1600 1280 1 0 
NORMAL 5 1984 1216 3 0 
NORMAL 5 1600 1216 5 0 
NORMAL 5 1536 1152 5 0 
NORMAL 5 1536 1280 1 0 
NORMAL 5 1408 1216 1 0 
NORMAL 5 1344 1216 1 0 
NORMAL 5 1280 1216 1 0 
NORMAL 5 1536 1088 8 0 
NORMAL 5 1472 1088 7 0 
NORMAL 5 1408 1088 7 0 
NORMAL 5 1344 1088 7 0 
NORMAL 5 1280 1088 7 0 
NORMAL 5 1216 1088 6 0 
NORMAL 5 1216 1152 3 0 
NORMAL 5 1216 1216 3 0 
NORMAL 5 1216 1280 3 0 
NORMAL 5 1472 1216 1 0 
NORMAL 5 1216 1344 3 0 
NORMAL 5 1216 1408 3 0 
NORMAL 5 1216 1472 3 0 
NORMAL 5 1216 1536 3 0 
NORMAL 5 1216 1600 3 0 
NORMAL 5 1536 1600 5 0 
NORMAL 5 1536 1664 2 0 
NORMAL 5 1216 1664 0 0 
NORMAL 5 1280 1664 1 0 
NORMAL 5 1344 1664 1 0 
NORMAL 5 1408 1664 1 0 
NORMAL 5 1472 1664 1 0 
NORMAL 5 1472 1600 7 0 
NORMAL 5 1408 1600 7 0 
NORMAL 5 1344 1600 7 0 
NORMAL 5 1280 1600 7 0 
NORMAL 5 1536 1536 7 0 
FURRY 9 1280 1408 
FURRY 9 1344 1408 
FURRY 9 1344 1344 
FURRY 9 1408 1344 
FURRY 9 1408 1280 
FURRY 9 1472 1280 
FURRY 9 1344 1280 
FURRY 9 1280 1280 
FURRY 9 1280 1344 
