1 7

NORMAL 5 7232 1024 3 0 
NORMAL 5 7232 1088 3 0 
NORMAL 5 7232 1152 3 0 
NORMAL 5 7296 1024 5 0 
NORMAL 5 7296 1088 5 0 
NORMAL 5 7296 1152 5 0 
NORMAL 5 7232 1920 3 0 
NORMAL 5 7232 1792 3 0 
NORMAL 5 7232 1856 3 0 
NORMAL 5 7232 1984 3 0 
NORMAL 5 7232 1728 3 0 
NORMAL 5 7232 1600 3 0 
NORMAL 5 7232 1664 3 0 
NORMAL 5 7232 1536 3 0 
NORMAL 5 7232 1472 3 0 
NORMAL 5 7232 1408 3 0 
NORMAL 5 7232 1280 3 0 
NORMAL 5 7232 1216 3 0 
NORMAL 5 7232 1344 3 0 
NORMAL 5 7296 1216 5 0 
NORMAL 5 7296 1344 5 0 
NORMAL 5 7296 1280 5 0 
NORMAL 5 7296 1536 5 0 
NORMAL 5 7296 1408 5 0 
NORMAL 5 7296 1472 5 0 
NORMAL 5 7296 1664 5 0 
NORMAL 5 7296 1728 5 0 
NORMAL 5 7296 1600 5 0 
NORMAL 5 7296 1792 5 0 
NORMAL 5 7296 1856 5 0 
NORMAL 5 7296 1920 5 0 
NORMAL 5 7296 1984 5 0 
NORMAL 5 7552 1088 0 0 
NORMAL 5 7616 1088 1 0 
NORMAL 5 7680 1088 2 0 
NORMAL 5 7552 1024 6 0 
NORMAL 5 7616 1024 7 0 
NORMAL 5 7680 1024 8 0 
BLUE 15 8128 1088 
BLUE 15 8128 1152 
BLUE 15 8128 1216 
BLUE 15 8128 1280 
BLUE 15 8128 1344 
BLUE 15 8128 1408 
NORMAL 5 7360 1472 7 0 
NORMAL 5 7488 1472 7 0 
NORMAL 5 7424 1472 7 0 
NORMAL 5 7552 1472 7 0 
NORMAL 5 7616 1472 7 0 
NORMAL 5 7680 1472 7 0 
NORMAL 5 7744 1472 7 0 
NORMAL 5 7872 1472 7 0 
NORMAL 5 7808 1472 7 0 
NORMAL 5 7936 1472 7 0 
NORMAL 5 8064 1472 7 0 
NORMAL 5 8128 1472 7 0 
NORMAL 5 8000 1472 7 0 
NORMAL 5 7360 1536 1 0 
NORMAL 5 7424 1536 1 0 
NORMAL 5 7488 1536 1 0 
NORMAL 5 7552 1536 1 0 
NORMAL 5 7616 1536 1 0 
NORMAL 5 7680 1536 1 0 
NORMAL 5 7872 1536 1 0 
NORMAL 5 8000 1536 1 0 
NORMAL 5 7936 1536 1 0 
NORMAL 5 8064 1536 1 0 
NORMAL 5 8128 1536 1 0 
BUTTON 13 8000 1216 
MOVING 6 9856 1024 7936 1024 
MOVING 6 9792 1024 7872 1024 
MOVING 6 9728 1024 7808 1024 
MOVING 6 9664 1024 7744 1024 
MOVING 6 9600 1024 8000 1024 
NORMAL 5 7936 1984 7 0 
NORMAL 5 8000 1984 7 0 
NORMAL 5 8064 1984 7 0 
RED 14 8128 1984 
NORMAL 5 7872 1984 7 0 
NORMAL 5 7744 1984 3 0 
NORMAL 5 7744 1920 3 0 
NORMAL 5 7744 1856 3 0 
NORMAL 5 7744 1792 3 0 
NORMAL 5 7744 1728 3 0 
NORMAL 5 7744 1664 3 0 
NORMAL 5 7744 1600 3 0 
NORMAL 5 7744 1536 3 0 
RED 14 7616 1728 
RED 14 7680 1728 
RED 14 7424 1600 
RED 14 7360 1600 
RED 14 7360 1856 
RED 14 7424 1856 
RED 14 7616 1984 
RED 14 7680 1984 
BLUE 15 7808 1792 
BLUE 15 7808 1856 
BLUE 15 7808 1920 
BLUE 15 7872 1920 
BLUE 15 7936 1920 
BLUE 15 8000 1920 
BLUE 15 8064 1920 
BLUE 15 8064 1856 
BLUE 15 8064 1792 
BUTTON 13 7936 1792 
NORMAL 5 7808 1984 7 0 
NORMAL 5 7808 1536 1 0 
BUTTON 13 7616 1600 
ONOFF 7 7872 1728 7872 1600 
ONOFF 7 7936 1728 7936 1600 
ONOFF 7 8000 1728 8000 1600 
