1 9

NORMAL 5 10176 1024 3 0 
NORMAL 5 10176 1088 3 0 
NORMAL 5 10176 1152 3 0 
NORMAL 5 9920 1024 0 0 
NORMAL 5 9984 1024 1 0 
NORMAL 5 10048 1024 1 0 
NORMAL 5 10112 1024 1 0 
RED 14 9216 1088 
RED 14 9216 1152 
RED 14 9216 1216 
RED 14 9216 1280 
RED 14 9216 1344 
RED 14 9216 1408 
NORMAL 5 9216 1536 1 0 
NORMAL 5 9280 1536 1 0 
NORMAL 5 9408 1536 1 0 
NORMAL 5 9344 1536 1 0 
NORMAL 5 9216 1472 7 0 
NORMAL 5 9280 1472 7 0 
NORMAL 5 9472 1472 7 0 
NORMAL 5 9344 1472 7 0 
NORMAL 5 9408 1472 7 0 
NORMAL 5 9536 1472 7 0 
NORMAL 5 9600 1472 7 0 
NORMAL 5 9664 1472 7 0 
NORMAL 5 9728 1472 7 0 
NORMAL 5 9792 1472 7 0 
NORMAL 5 9856 1472 7 0 
NORMAL 5 9920 1472 7 0 
NORMAL 5 9984 1472 7 0 
NORMAL 5 9536 1664 0 0 
NORMAL 5 9600 1728 0 0 
NORMAL 5 9664 1728 1 0 
NORMAL 5 9728 1728 1 0 
NORMAL 5 9984 1536 5 0 
NORMAL 5 9984 1600 5 0 
NORMAL 5 9984 1664 5 0 
NORMAL 5 9984 1728 2 0 
NORMAL 5 9920 1728 1 0 
NORMAL 5 9856 1728 1 0 
NORMAL 5 9792 1728 1 0 
NORMAL 5 10176 1216 3 0 
NORMAL 5 10176 1280 3 0 
NORMAL 5 10176 1344 3 0 
NORMAL 5 10176 1408 3 0 
NORMAL 5 10176 1472 3 0 
NORMAL 5 10176 1536 3 0 
NORMAL 5 10176 1600 3 0 
NORMAL 5 10176 1664 3 0 
NORMAL 5 10176 1728 3 0 
NORMAL 5 10176 1792 3 0 
NORMAL 5 10176 1920 3 0 
NORMAL 5 10176 1856 3 0 
NORMAL 5 10176 1984 3 0 
NORMAL 5 9984 1920 7 0 
NORMAL 5 9984 1984 5 0 
BLUE 15 9920 1920 
BLUE 15 9856 1920 
BLUE 15 9664 1984 
BLUE 15 9664 1792 
BLUE 15 9728 1792 
BLUE 15 9728 1984 
NORMAL 5 9216 1984 7 0 
NORMAL 5 9472 1984 7 0 
NORMAL 5 9600 1984 7 0 
NORMAL 5 9536 1984 7 0 
RED 14 9280 1984 
RED 14 9344 1984 
RED 14 9408 1984 
NORMAL 5 9600 1600 4 0 
NORMAL 5 9472 1600 0 0 
NORMAL 5 9472 1536 4 0 
NORMAL 5 9216 1024 0 0 
NORMAL 5 9280 1024 1 0 
NORMAL 5 9344 1024 1 0 
NORMAL 5 9408 1024 1 0 
NORMAL 5 9472 1024 1 0 
NORMAL 5 9536 1024 1 0 
NORMAL 5 9600 1024 1 0 
NORMAL 5 9664 1024 1 0 
NORMAL 5 9792 1024 1 0 
NORMAL 5 9728 1024 1 0 
NORMAL 5 9856 1024 1 0 
ROBOT 20 9856 1088 9664 1088 
BLUE 15 9536 1408 
BLUE 15 9536 1344 
BLUE 15 9536 1280 
BLUE 15 9536 1216 
BLUE 15 9536 1152 
BLUE 15 9536 1088 
BUTTON 13 9408 1216 
ONOFF 7 9280 1728 9280 1600 
ONOFF 7 9344 1728 9344 1600 
