2 5

NORMAL 5 5888 2048 0 0 
NORMAL 5 5952 2048 1 0 
NORMAL 5 6016 2048 1 0 
NORMAL 5 6080 2048 1 0 
NORMAL 5 5120 2496 1 0 
NORMAL 5 5248 2496 1 0 
NORMAL 5 5312 2496 1 0 
NORMAL 5 5184 2496 1 0 
NORMAL 5 5376 2496 1 0 
NORMAL 5 5504 2496 1 0 
NORMAL 5 5440 2496 1 0 
NORMAL 5 5568 2496 1 0 
NORMAL 5 5632 2496 1 0 
NORMAL 5 5696 2496 1 0 
NORMAL 5 5760 2496 1 0 
NORMAL 5 5824 2496 1 0 
NORMAL 5 5888 2496 1 0 
NORMAL 5 5952 2496 1 0 
NORMAL 5 6016 2496 1 0 
NORMAL 5 6080 2496 1 0 
NORMAL 5 6080 2432 7 0 
NORMAL 5 5952 2432 7 0 
NORMAL 5 6016 2432 7 0 
NORMAL 5 5888 2432 7 0 
NORMAL 5 5760 2432 7 0 
NORMAL 5 5696 2432 7 0 
NORMAL 5 5568 2432 7 0 
NORMAL 5 5632 2432 7 0 
NORMAL 5 5824 2432 7 0 
NORMAL 5 5504 2432 7 0 
NORMAL 5 5376 2432 7 0 
NORMAL 5 5440 2432 7 0 
NORMAL 5 5312 2432 7 0 
NORMAL 5 5248 2432 7 0 
NORMAL 5 5184 2432 7 0 
NORMAL 5 5120 2432 7 0 
BLUE 15 5824 2368 
BLUE 15 5824 2304 
BLUE 15 5824 2240 
BLUE 15 5824 2176 
BLUE 15 5824 2112 
BLUE 15 5824 2048 
BUTTON 13 6016 2112 
NORMAL 5 5120 2880 0 0 
NORMAL 5 5184 2880 2 0 
NORMAL 5 5376 3008 0 0 
NORMAL 5 5440 3008 1 0 
NORMAL 5 5504 3008 1 0 
NORMAL 5 5568 3008 1 0 
NORMAL 5 5632 3008 1 0 
NORMAL 5 5696 3008 1 0 
NORMAL 5 5760 3008 1 0 
NORMAL 5 5888 3008 1 0 
NORMAL 5 5824 3008 1 0 
NORMAL 5 5952 3008 1 0 
NORMAL 5 6016 3008 1 0 
NORMAL 5 6080 3008 1 0 
NORMAL 5 5888 2752 0 0 
NORMAL 5 5952 2752 2 0 
NORMAL 5 5696 2752 2 0 
NORMAL 5 5632 2752 1 0 
NORMAL 5 5568 2752 1 0 
NORMAL 5 5504 2752 1 0 
NORMAL 5 5440 2752 1 0 
NORMAL 5 5376 2752 1 0 
NORMAL 5 5312 2752 1 0 
NORMAL 5 5248 2752 1 0 
NORMAL 5 5184 2816 5 0 
NORMAL 5 5184 2752 5 0 
NORMAL 5 5184 2688 5 0 
NORMAL 5 5184 2624 5 0 
NORMAL 5 5184 2560 5 0 
NORMAL 5 5120 2624 3 0 
NORMAL 5 5120 2560 3 0 
NORMAL 5 5120 2688 3 0 
NORMAL 5 5120 2752 3 0 
NORMAL 5 5120 2816 3 0 
NORMAL 5 5248 2688 7 0 
NORMAL 5 5312 2688 7 0 
NORMAL 5 5376 2688 7 0 
NORMAL 5 5440 2688 7 0 
NORMAL 5 5504 2688 7 0 
NORMAL 5 5568 2688 7 0 
NORMAL 5 5632 2688 7 0 
NORMAL 5 5696 2688 8 0 
NORMAL 5 5952 2688 8 0 
NORMAL 5 5888 2688 6 0 
FURRY 9 5248 2560 
FURRY 9 5312 2560 
PINNY 18 5504 2560 6016 2560 
NORMAL 5 5376 2944 6 0 
NORMAL 5 5440 2944 7 0 
NORMAL 5 5504 2944 7 0 
NORMAL 5 5568 2944 7 0 
NORMAL 5 5696 2944 7 0 
NORMAL 5 5632 2944 7 0 
NORMAL 5 5760 2944 7 0 
NORMAL 5 5824 2944 7 0 
NORMAL 5 5888 2944 7 0 
NORMAL 5 5952 2944 7 0 
NORMAL 5 6016 2944 7 0 
NORMAL 5 6080 2944 7 0 
