1 3

NORMAL 5 3072 1856 1 0 
NORMAL 5 3136 1856 1 0 
NORMAL 5 3200 1856 1 0 
NORMAL 5 3264 1856 1 0 
NORMAL 5 3328 1856 1 0 
NORMAL 5 3392 1920 0 0 
NORMAL 5 3456 1920 1 0 
NORMAL 5 3520 1920 2 0 
NORMAL 5 3520 1856 8 0 
NORMAL 5 3456 1856 7 0 
NORMAL 5 3392 1856 4 0 
NORMAL 5 3392 1792 8 0 
NORMAL 5 3328 1792 7 0 
NORMAL 5 3264 1792 7 0 
NORMAL 5 3200 1792 7 0 
NORMAL 5 3136 1792 7 0 
NORMAL 5 3072 1792 4 0 
NORMAL 5 3072 1728 5 0 
NORMAL 5 3072 1664 5 0 
NORMAL 5 3072 1600 5 0 
NORMAL 5 3072 1536 5 0 
NORMAL 5 3072 1472 5 0 
NORMAL 5 3072 1408 5 0 
NORMAL 5 3136 1344 2 0 
NORMAL 5 3072 1344 4 0 
NORMAL 5 3072 1280 4 0 
NORMAL 5 3072 1216 7 0 
NORMAL 5 3200 1216 7 0 
NORMAL 5 3136 1216 7 0 
NORMAL 5 3264 1216 7 0 
NORMAL 5 3328 1216 7 0 
NORMAL 5 3392 1216 7 0 
NORMAL 5 3456 1216 8 0 
NORMAL 5 3136 1280 4 0 
NORMAL 5 3200 1280 1 0 
NORMAL 5 3264 1280 1 0 
NORMAL 5 3328 1280 1 0 
NORMAL 5 3392 1280 1 0 
NORMAL 5 3456 1280 1 0 
NORMAL 5 3520 1280 1 0 
NORMAL 5 3584 1280 2 0 
FURRY 9 3264 1408 
FURRY 9 3264 1344 
FURRY 9 3328 1344 
FURRY 9 3328 1408 
FURRY 9 3392 1408 
FURRY 9 3392 1344 
SPIKE 12 4032 1344 
SPIKE 12 3968 1344 
SPIKE 12 3968 1280 
SPIKE 12 3968 1216 
SPIKE 12 4032 1216 
SPIKE 12 3904 1280 
SPIKE 12 3840 1280 
SPIKE 12 3840 1216 
SPIKE 12 3840 1152 
SPIKE 12 3904 1152 
SPIKE 12 3776 1216 
SPIKE 12 3712 1216 
SPIKE 12 3648 1216 
SPIKE 12 3648 1152 
SPIKE 12 3648 1088 
SPIKE 12 3776 1088 
SPIKE 12 3840 1088 
SPIKE 12 3712 1088 
NORMAL 5 4032 1984 2 0 
NORMAL 5 3968 1984 1 0 
NORMAL 5 3904 1984 0 0 
NORMAL 5 3648 1920 0 0 
NORMAL 5 3712 1920 1 0 
NORMAL 5 3776 1920 2 0 
NORMAL 5 3648 1856 6 0 
NORMAL 5 3904 1920 6 0 
NORMAL 5 3968 1920 7 0 
NORMAL 5 3712 1856 7 0 
NORMAL 5 3776 1856 8 0 
NORMAL 5 4032 1920 8 0 
