1 4

SPIKE 12 4992 1280 
SPIKE 12 4928 1280 
SPIKE 12 4864 1280 
SPIKE 12 4864 1216 
SPIKE 12 4864 1152 
SPIKE 12 4928 1152 
SPIKE 12 4992 1152 
SPIKE 12 4992 1216 
SPIKE 12 4864 1344 
SPIKE 12 4800 1344 
SPIKE 12 4736 1344 
SPIKE 12 4672 1344 
SPIKE 12 4672 1408 
SPIKE 12 4672 1280 
SPIKE 12 4672 1216 
SPIKE 12 4736 1216 
SPIKE 12 4800 1216 
SPIKE 12 4608 1280 
SPIKE 12 4544 1280 
SPIKE 12 4480 1280 
SPIKE 12 4480 1344 
SPIKE 12 4480 1408 
SPIKE 12 4544 1408 
SPIKE 12 4608 1408 
SPIKE 12 4416 1408 
SPIKE 12 4352 1408 
SPIKE 12 4416 1280 
SPIKE 12 4352 1280 
SPIKE 12 4352 1344 
SPIKE 12 4224 1408 
SPIKE 12 4160 1408 
SPIKE 12 4288 1408 
SPIKE 12 4160 1280 
SPIKE 12 4224 1280 
SPIKE 12 4288 1280 
SPIKE 12 4160 1344 
SPIKE 12 4096 1344 
SPIKE 12 4160 1216 
SPIKE 12 4096 1216 
NORMAL 5 5056 1920 6 0 
NORMAL 5 4992 1984 0 0 
NORMAL 5 5056 1984 1 0 
NORMAL 5 4160 1984 6 0 
NORMAL 5 4288 1984 8 0 
NORMAL 5 4224 1984 7 0 
