1 8

NORMAL 5 8256 1472 0 0 
NORMAL 5 8320 1472 1 0 
NORMAL 5 8384 1472 1 0 
NORMAL 5 8448 1472 2 0 
NORMAL 5 8320 1408 6 0 
NORMAL 5 8384 1408 7 0 
NORMAL 5 8448 1408 7 0 
NORMAL 5 8512 1408 8 0 
NORMAL 5 8192 1792 1 0 
NORMAL 5 8256 1792 1 0 
NORMAL 5 8320 1792 1 0 
NORMAL 5 8384 1792 2 0 
NORMAL 5 8192 1728 4 0 
NORMAL 5 8256 1728 4 0 
NORMAL 5 8320 1728 4 0 
NORMAL 5 8192 1664 7 0 
NORMAL 5 8256 1664 7 0 
NORMAL 5 8320 1664 8 0 
NORMAL 5 8384 1728 8 0 
RED 14 8448 1792 
RED 14 8512 1792 
RED 14 8576 1792 
RED 14 8640 1792 
NORMAL 5 8704 1856 0 0 
NORMAL 5 8768 1856 1 0 
NORMAL 5 8832 1856 2 0 
NORMAL 5 8704 1792 6 0 
NORMAL 5 9152 1792 8 0 
NORMAL 5 9088 1792 7 0 
NORMAL 5 9024 1792 6 0 
NORMAL 5 9152 1856 2 0 
NORMAL 5 9024 1856 0 0 
NORMAL 5 9088 1856 1 0 
NORMAL 5 8832 1600 2 0 
NORMAL 5 8768 1600 1 0 
NORMAL 5 8704 1600 0 0 
NORMAL 5 8704 1536 6 0 
NORMAL 5 8768 1536 7 0 
NORMAL 5 8832 1536 7 0 
NORMAL 5 9152 1536 8 0 
NORMAL 5 9088 1536 7 0 
NORMAL 5 9024 1536 6 0 
NORMAL 5 9152 1600 2 0 
NORMAL 5 9088 1600 1 0 
NORMAL 5 9024 1600 0 0 
NORMAL 5 8768 1792 7 0 
NORMAL 5 8832 1792 8 0 
NORMAL 5 8832 1280 8 0 
NORMAL 5 8768 1280 7 0 
NORMAL 5 8704 1280 6 0 
NORMAL 5 8832 1344 2 0 
NORMAL 5 8768 1344 1 0 
NORMAL 5 8704 1344 0 0 
NORMAL 5 9024 1344 0 0 
NORMAL 5 9088 1344 1 0 
NORMAL 5 9152 1344 2 0 
NORMAL 5 9024 1280 6 0 
NORMAL 5 9088 1280 7 0 
NORMAL 5 9152 1280 8 0 
BLUE 15 8960 1344 
BLUE 15 8896 1344 
BLUE 15 9088 1664 
BLUE 15 9088 1728 
BLUE 15 8896 1600 
BLUE 15 8960 1600 
BLUE 15 8768 1728 
BLUE 15 8768 1664 
RED 14 8768 1408 
RED 14 8768 1472 
RED 14 8896 1472 
RED 14 8960 1408 
RED 14 8960 1856 
RED 14 8896 1856 
PINNY 18 9024 1408 9152 1408 
PINNY 18 8704 1920 8832 1920 
