2 4

NORMAL 5 4736 2112 7 0 
NORMAL 5 4800 2176 2 0 
NORMAL 5 4736 2176 1 0 
NORMAL 5 4672 2176 0 0 
NORMAL 5 4416 2112 0 0 
NORMAL 5 4480 2112 1 0 
NORMAL 5 4544 2112 2 0 
NORMAL 5 4160 2048 0 0 
NORMAL 5 4224 2048 1 0 
NORMAL 5 4416 2048 6 0 
NORMAL 5 4672 2112 6 0 
NORMAL 5 4800 2112 8 0 
NORMAL 5 4544 2048 8 0 
NORMAL 5 4480 2048 7 0 
CLOUDY 19 4160 2368 4608 2368 
NORMAL 5 4288 2048 2 0 
NORMAL 5 4864 3008 6 0 
NORMAL 5 4928 3008 7 0 
NORMAL 5 4992 3008 7 0 
NORMAL 5 5056 2944 6 0 
NORMAL 5 5056 3008 1 0 
BLUE 15 4672 3008 
BLUE 15 4608 3008 
BLUE 15 4160 3008 
BLUE 15 4096 3008 
BLUE 15 4352 3008 
BLUE 15 4416 3008 
SPIKE 12 4224 3008 
SPIKE 12 4288 3008 
SPIKE 12 4480 3008 
SPIKE 12 4544 3008 
SPIKE 12 4736 3008 
SPIKE 12 4800 3008 
