2 6

NORMAL 5 6720 2048 2 0 
NORMAL 5 6656 2048 1 0 
NORMAL 5 6592 2048 1 0 
NORMAL 5 6528 2048 1 0 
NORMAL 5 6464 2048 1 0 
NORMAL 5 6336 2048 1 0 
NORMAL 5 6400 2048 1 0 
NORMAL 5 6272 2048 0 0 
PINNY 18 6336 2112 6656 2112 
NORMAL 5 6208 2944 0 0 
NORMAL 5 6272 2944 1 0 
NORMAL 5 6400 2944 2 0 
NORMAL 5 6336 2944 1 0 
NORMAL 5 6272 2880 6 0 
NORMAL 5 6336 2880 8 0 
NORMAL 5 6592 3008 0 0 
NORMAL 5 6656 3008 1 0 
NORMAL 5 6720 3008 1 0 
NORMAL 5 6784 3008 1 0 
NORMAL 5 6848 3008 1 0 
NORMAL 5 6912 3008 1 0 
NORMAL 5 6976 3008 1 0 
NORMAL 5 7040 3008 1 0 
NORMAL 5 7104 3008 1 0 
NORMAL 5 6592 2944 6 0 
NORMAL 5 6720 2880 7 0 
NORMAL 5 6656 2880 6 0 
NORMAL 5 6656 2944 4 0 
NORMAL 5 6720 2944 4 0 
NORMAL 5 6784 2944 4 0 
NORMAL 5 6848 2944 4 0 
NORMAL 5 6976 2944 4 0 
NORMAL 5 6912 2944 4 0 
NORMAL 5 7040 2944 4 0 
NORMAL 5 7104 2944 4 0 
NORMAL 5 6784 2880 7 0 
NORMAL 5 6912 2880 7 0 
NORMAL 5 6848 2880 7 0 
NORMAL 5 6976 2880 7 0 
NORMAL 5 7040 2880 7 0 
NORMAL 5 7104 2880 7 0 
