2 7

NORMAL 5 7232 3008 2 0 
NORMAL 5 7168 3008 1 0 
NORMAL 5 7168 2944 4 0 
NORMAL 5 7232 2944 4 0 
NORMAL 5 7296 2944 2 0 
NORMAL 5 7168 2880 7 0 
NORMAL 5 7232 2880 7 0 
NORMAL 5 7296 2880 7 0 
NORMAL 5 7360 2880 1 0 
NORMAL 5 7424 2880 2 0 
NORMAL 5 7488 2816 1 0 
NORMAL 5 7552 2816 1 0 
NORMAL 5 7616 2816 2 0 
NORMAL 5 7680 2752 1 0 
NORMAL 5 7424 2816 7 0 
NORMAL 5 7488 2752 6 0 
NORMAL 5 7552 2752 7 0 
NORMAL 5 7616 2752 7 0 
NORMAL 5 7744 2752 2 0 
NORMAL 5 7360 2816 6 0 
NORMAL 5 7744 2688 5 0 
NORMAL 5 7680 2688 3 0 
NORMAL 5 7680 2624 3 0 
NORMAL 5 7680 2560 6 0 
NORMAL 5 7744 2560 7 0 
NORMAL 5 7808 2560 7 0 
NORMAL 5 7808 2624 1 0 
NORMAL 5 7872 2624 1 0 
NORMAL 5 7936 2624 1 0 
NORMAL 5 8000 2624 1 0 
NORMAL 5 8064 2624 2 0 
NORMAL 5 7872 2560 7 0 
NORMAL 5 7936 2560 7 0 
NORMAL 5 8000 2560 7 0 
NORMAL 5 8064 2560 8 0 
NORMAL 5 7744 2624 4 0 
NORMAL 5 8128 3008 0 0 
NORMAL 5 8128 2944 6 0 
NORMAL 5 7744 3008 8 0 
NORMAL 5 7680 3008 7 0 
NORMAL 5 7616 3008 7 0 
NORMAL 5 7552 3008 6 0 
