3 7

NORMAL 5 7936 3328 0 0 
NORMAL 5 8000 3328 1 0 
NORMAL 5 8064 3328 1 0 
NORMAL 5 8128 3328 1 0 
NORMAL 5 8064 3264 7 0 
NORMAL 5 8000 3264 7 0 
NORMAL 5 8128 3264 7 0 
NORMAL 5 7872 3264 0 0 
NORMAL 5 7936 3264 4 0 
NORMAL 5 7936 3200 8 0 
NORMAL 5 7872 3136 8 0 
NORMAL 5 7808 3136 7 0 
NORMAL 5 7744 3072 5 0 
NORMAL 5 7552 3072 3 0 
NORMAL 5 7552 3136 0 0 
NORMAL 5 7616 3136 1 0 
NORMAL 5 7680 3136 1 0 
NORMAL 5 7744 3200 0 0 
NORMAL 5 7808 3264 0 0 
NORMAL 5 7808 3200 4 0 
NORMAL 5 7872 3200 4 0 
NORMAL 5 7744 3136 4 0 
NORMAL 5 7616 3072 4 0 
NORMAL 5 7680 3072 4 0 
NORMAL 5 8128 3840 6 0 
NORMAL 5 7168 3968 8 0 
BLUE 15 7232 4032 
BLUE 15 7296 4032 
BLUE 15 7424 3968 
BLUE 15 7488 3968 
NORMAL 5 7168 4032 2 0 
NORMAL 5 7552 3968 0 0 
NORMAL 5 7616 3968 1 0 
NORMAL 5 7680 3968 1 0 
NORMAL 5 7744 3968 1 0 
NORMAL 5 7616 3904 4 0 
NORMAL 5 7680 3904 4 0 
NORMAL 5 7744 3904 4 0 
NORMAL 5 7552 3904 6 0 
NORMAL 5 7616 3840 6 0 
NORMAL 5 7680 3840 7 0 
NORMAL 5 7744 3840 8 0 
NORMAL 5 7808 3904 8 0 
BLUE 15 7872 3968 
BLUE 15 7936 3968 
BLUE 15 8064 3904 
NORMAL 5 7808 3968 2 0 
NORMAL 5 8128 3904 0 0 
ROBOT 20 7552 4032 7808 4032 
